{
 "cells": [
  {
   "cell_type": "code",
   "execution_count": 1,
   "metadata": {
    "scrolled": true
   },
   "outputs": [
    {
     "name": "stdout",
     "output_type": "stream",
     "text": [
      "Setting environment for Local Macbook Pro\n"
     ]
    },
    {
     "name": "stderr",
     "output_type": "stream",
     "text": [
      "Not using image_cache.\n",
      "Not using image_cache.\n",
      "Not using image_cache.\n",
      "Not using image_cache.\n",
      "Not using image_cache.\n",
      "Not using image_cache.\n",
      "Not using image_cache.\n",
      "Not using image_cache.\n",
      "Not using image_cache.\n",
      "Not using image_cache.\n",
      "Not using image_cache.\n",
      "Not using image_cache.\n",
      "Not using image_cache.\n",
      "Not using image_cache.\n",
      "Not using image_cache.\n"
     ]
    },
    {
     "name": "stdout",
     "output_type": "stream",
     "text": [
      "/home/yuncong/CSHL_data_processed/MD585/MD585_prep2_thumbnail/MD585-N16-2015.07.16-20.32.33_MD585_2_0047_prep2_thumbnail.tif\n",
      "/home/yuncong/CSHL_data_processed/MD589/MD589_prep2_thumbnail/MD589-N16-2015.07.30-17.03.43_MD589_3_0048_prep2_thumbnail.tif\n",
      "/home/yuncong/CSHL_data_processed/MD590/MD590_prep2_thumbnail/MD590-IHC17-2015.08.10-19.09.09_MD590_2_0050_prep2_thumbnail.tif\n",
      "/home/yuncong/CSHL_data_processed/MD591/MD591_prep2_thumbnail/MD591-IHC17-2015.08.28-04.23.47_MD591_1_0049_prep2_thumbnail.tif\n",
      "/home/yuncong/CSHL_data_processed/MD592/MD592_prep2_thumbnail/MD592-N16-2015.08.22-00.50.39_MD592_2_0047_prep2_thumbnail.tif\n",
      "/home/yuncong/CSHL_data_processed/MD593/MD593_prep2_thumbnail/MD593-N15-2015.08.21-16.53.02_MD593_3_0045_prep2_thumbnail.tif\n",
      "/home/yuncong/CSHL_data_processed/MD594/MD594_prep2_thumbnail/MD594-IHC16-2015.08.26-16.11.01_MD594_1_0046_prep2_thumbnail.tif\n",
      "/home/yuncong/CSHL_data_processed/MD595/MD595_prep2_thumbnail/MD595-IHC12-2015.09.15-01.21.39_MD595_2_0035_prep2_thumbnail.tif\n",
      "/home/yuncong/CSHL_data_processed/MD598/MD598_prep2_thumbnail/MD598-N18-2015.09.29-17.40.03_MD598_3_0054_prep2_thumbnail.tif\n",
      "/home/yuncong/CSHL_data_processed/MD599/MD599_prep2_thumbnail/MD599-N19-2015.10.02-18.12.13_MD599_3_0057_prep2_thumbnail.tif\n",
      "/home/yuncong/CSHL_data_processed/MD602/MD602_prep2_thumbnail/MD602-N19-2015.12.01-16.24.09_MD602_2_0056_prep2_thumbnail.tif\n",
      "/home/yuncong/CSHL_data_processed/MD603/MD603_prep2_thumbnail/MD603-N11-2016.03.02-12.51.47_MD603_1_0031_prep2_thumbnail.tif\n",
      "/home/yuncong/CSHL_data_processed/MD635/MD635_prep2_thumbnail/MD635-F25-2016.05.18-21.02.30_MD635_3_0075_prep2_thumbnail.tif\n",
      "/home/yuncong/CSHL_data_processed/MD653/MD653_prep2_thumbnail/MD653-F15-2016.12.20-21.04.12_MD653_1_0043_prep2_thumbnail.tif\n",
      "/home/yuncong/CSHL_data_processed/MD652/MD652_prep2_thumbnail/MD652-F15-2016.12.16-20.45.52_MD652_3_0045_prep2_thumbnail.tif\n"
     ]
    },
    {
     "name": "stderr",
     "output_type": "stream",
     "text": [
      "Not using image_cache.\n",
      "Not using image_cache.\n",
      "Not using image_cache.\n",
      "Not using image_cache.\n",
      "Not using image_cache.\n",
      "Not using image_cache.\n"
     ]
    },
    {
     "name": "stdout",
     "output_type": "stream",
     "text": [
      "/home/yuncong/CSHL_data_processed/MD642/MD642_prep2_thumbnail/MD642-N14-2017.01.18-16.25.58_MD642_2_0041_prep2_thumbnail.tif\n",
      "/home/yuncong/CSHL_data_processed/MD657/MD657_prep2_thumbnail/MD657-N13-2017.02.22-14.33.34_MD657_3_0039_prep2_thumbnail.tif\n",
      "/home/yuncong/CSHL_data_processed/MD658/MD658_prep2_thumbnail/MD658-N18-2017.03.31-17.34.22_MD658_2_0053_prep2_thumbnail.tif\n",
      "/home/yuncong/CSHL_data_processed/MD661/MD661_prep2_thumbnail/MD662&661-F30-2017.06.05-14.49.48_MD661_1_0088_prep2_thumbnail.tif\n",
      "/home/yuncong/CSHL_data_processed/MD662/MD662_prep2_thumbnail/MD662&661-F35-2017.06.05-17.08.18_MD662_1_0103_prep2_thumbnail.tif\n",
      "/home/yuncong/CSHL_data_processed/ChatCryoJane201710/ChatCryoJane201710_prep2_thumbnail_Ntb/ChatCryoJane201710_slide1-S1_prep2_thumbnail_Ntb.tif\n"
     ]
    }
   ],
   "source": [
    "%reload_ext autoreload\n",
    "%autoreload 2\n",
    "\n",
    "import sys\n",
    "import os\n",
    "\n",
    "import numpy as np\n",
    "import bloscpack as bp\n",
    "%matplotlib inline\n",
    "\n",
    "sys.path.append(os.path.join(os.environ['REPO_DIR'], 'utilities'))\n",
    "from utilities2015 import *\n",
    "from metadata import *\n",
    "from data_manager import *\n",
    "\n",
    "from registration_utilities import *\n",
    "from annotation_utilities import *\n",
    "from vis3d_utilities import *"
   ]
  },
  {
   "cell_type": "code",
   "execution_count": 2,
   "metadata": {
    "collapsed": true
   },
   "outputs": [],
   "source": [
    "atlas_name = 'atlasV5'\n",
    "# atlasV6 added the outline; everything else is the same as atlasV5"
   ]
  },
  {
   "cell_type": "code",
   "execution_count": 3,
   "metadata": {
    "collapsed": true
   },
   "outputs": [],
   "source": [
    "stack_fixed = 'MD589'\n",
    "stacks_moving = ['MD585', 'MD594']\n",
    "warp_setting = 9"
   ]
  },
  {
   "cell_type": "code",
   "execution_count": 4,
   "metadata": {},
   "outputs": [],
   "source": [
    "# ann_vol_bbox_rel2uncropped = DataManager.load_original_volume_bbox(stack=stack_fixed, volume_type='annotation', downscale=32)\n",
    "# print 'annotation volume bbox (rel2uncropped):', ann_vol_bbox_rel2uncropped"
   ]
  },
  {
   "cell_type": "markdown",
   "metadata": {},
   "source": [
    "# Compute mean positions"
   ]
  },
  {
   "cell_type": "markdown",
   "metadata": {},
   "source": [
    "## Compute centroids of all instances of all structures in MD589 space"
   ]
  },
  {
   "cell_type": "code",
   "execution_count": 9,
   "metadata": {},
   "outputs": [],
   "source": [
    "left_instance_vol = DataManager.load_transformed_volume(stack_m='MD585', vol_type_m='annotationAsScore',\n",
    "                                                        stack_f='MD589', vol_type_f='annotationAsScore',\n",
    "                                                        warp_setting=warp_setting,\n",
    "                                                        structure='7N_L')"
   ]
  },
  {
   "cell_type": "code",
   "execution_count": null,
   "metadata": {
    "collapsed": true
   },
   "outputs": [],
   "source": []
  },
  {
   "cell_type": "code",
   "execution_count": 7,
   "metadata": {
    "scrolled": true
   },
   "outputs": [
    {
     "name": "stdout",
     "output_type": "stream",
     "text": [
      "5N\n",
      "6N\n",
      "7N\n",
      "7n\n",
      "Amb\n",
      "LC\n",
      "LRt\n",
      "Pn\n",
      "Tz\n",
      "VLL\n",
      "RMC\n",
      "SNC\n",
      "SNR\n",
      "3N\n",
      "4N\n",
      "Sp5I\n",
      "Sp5O\n",
      "Sp5C\n",
      "rm -rf \"/home/yuncong/CSHL_volumes/MD585/MD585_down32_annotationAsScoreVolume_warp9_MD589_down32_annotationAsScoreVolume/score_volumes/MD585_down32_annotationAsScoreVolume_warp9_MD589_down32_annotationAsScoreVolume_Sp5C_R.bp\" && mkdir -p \"/home/yuncong/CSHL_volumes/MD585/MD585_down32_annotationAsScoreVolume_warp9_MD589_down32_annotationAsScoreVolume/score_volumes\"\n",
      "aws s3 cp \"s3://mousebrainatlas-data/CSHL_volumes/MD585/MD585_down32_annotationAsScoreVolume_warp9_MD589_down32_annotationAsScoreVolume/score_volumes/MD585_down32_annotationAsScoreVolume_warp9_MD589_down32_annotationAsScoreVolume_Sp5C_R.bp\" \"/home/yuncong/CSHL_volumes/MD585/MD585_down32_annotationAsScoreVolume_warp9_MD589_down32_annotationAsScoreVolume/score_volumes/MD585_down32_annotationAsScoreVolume_warp9_MD589_down32_annotationAsScoreVolume_Sp5C_R.bp\"\n"
     ]
    },
    {
     "name": "stderr",
     "output_type": "stream",
     "text": [
      "File does not exist: /home/yuncong/CSHL_volumes/MD585/MD585_down32_annotationAsScoreVolume_warp9_MD589_down32_annotationAsScoreVolume/score_volumes/MD585_down32_annotationAsScoreVolume_warp9_MD589_down32_annotationAsScoreVolume_Sp5C_R.bp\n"
     ]
    },
    {
     "name": "stdout",
     "output_type": "stream",
     "text": [
      "[Errno 2] No such file or directory: '/home/yuncong/CSHL_volumes/MD585/MD585_down32_annotationAsScoreVolume_warp9_MD589_down32_annotationAsScoreVolume/score_volumes/MD585_down32_annotationAsScoreVolume_warp9_MD589_down32_annotationAsScoreVolume_Sp5C_R.bp'\n",
      "PBG\n",
      "10N\n",
      "VCA\n",
      "VCP\n",
      "DC\n",
      "AP\n",
      "12N\n",
      "RtTg\n",
      "SC\n",
      "IC\n"
     ]
    }
   ],
   "source": [
    "instance_centroids_rel2fixed = defaultdict(list)\n",
    "\n",
    "# for name_u in ['7N']:\n",
    "for name_u in all_known_structures:\n",
    "    print name_u\n",
    "    \n",
    "    if name_u in paired_structures:\n",
    "        lname = convert_to_left_name(name_u)\n",
    "        rname = convert_to_right_name(name_u)\n",
    "    else:\n",
    "        lname = name_u\n",
    "        rname = name_u\n",
    "    \n",
    "    try:\n",
    "        right_instance_vol = DataManager.load_original_volume(stack=stack_fixed,  downscale=32, volume_type='annotationAsScore', structure=rname)\n",
    "        right_instance_vol_bbox = np.array(bbox_3d(right_instance_vol))\n",
    "        right_instance_vol_inbbox = crop_and_pad_volume(right_instance_vol, out_bbox=right_instance_vol_bbox)\n",
    "        \n",
    "        instance_centroid_rel2fixed = np.mean(np.nonzero(right_instance_vol_inbbox), axis=1)[[1,0,2]] + right_instance_vol_bbox[[0,2,4]]\n",
    "        instance_centroids_rel2fixed[rname].append(instance_centroid_rel2fixed)\n",
    "        \n",
    "    except Exception as e:\n",
    "        print e\n",
    "        continue\n",
    "\n",
    "    try:\n",
    "        left_instance_vol = DataManager.load_original_volume(stack=stack_fixed, downscale=32, volume_type='annotationAsScore', structure=lname)\n",
    "        left_instance_vol_bbox = np.array(bbox_3d(left_instance_vol))\n",
    "        left_instance_vol_inbbox = crop_and_pad_volume(left_instance_vol, out_bbox=left_instance_vol_bbox)\n",
    "        \n",
    "        instance_centroid_rel2fixed = np.mean(np.nonzero(left_instance_vol_inbbox), axis=1)[[1,0,2]] + left_instance_vol_bbox[[0,2,4]]\n",
    "        instance_centroids_rel2fixed[lname].append(instance_centroid_rel2fixed)\n",
    "\n",
    "    except Exception as e:\n",
    "        print e\n",
    "        continue        \n",
    "\n",
    "    for stack_moving in stacks_moving:\n",
    "\n",
    "        try:\n",
    "            left_instance_vol = DataManager.load_transformed_volume(stack_m=stack_moving, vol_type_m='annotationAsScore',\n",
    "                                                            stack_f=stack_fixed, vol_type_f='annotationAsScore',\n",
    "                                                            warp_setting=warp_setting,\n",
    "                                                            structure=lname)\n",
    "            left_instance_vol_bbox_rel2fixed = DataManager.load_transformed_volume_bbox(stack_m=stack_moving, vol_type_m='annotationAsScore',\n",
    "                                                        stack_f=stack_fixed, vol_type_f='annotationAsScore',\n",
    "                                                        warp_setting=warp_setting,\n",
    "                                                        structure=lname)\n",
    "            instance_centroid_rel2fixed = np.mean(np.nonzero(left_instance_vol), axis=1)[[1,0,2]] + left_instance_vol_bbox_rel2fixed[[0,2,4]]\n",
    "            instance_centroids_rel2fixed[lname].append(instance_centroid_rel2fixed)\n",
    "        except Exception as e:\n",
    "            print e\n",
    "            continue \n",
    "\n",
    "        try:\n",
    "            right_instance_vol = DataManager.load_transformed_volume(stack_m=stack_moving, vol_type_m='annotationAsScore',\n",
    "                                                        stack_f=stack_fixed, vol_type_f='annotationAsScore',\n",
    "                                                        warp_setting=warp_setting,\n",
    "                                                        structure=rname)\n",
    "            right_instance_vol_bbox_rel2fixed = DataManager.load_transformed_volume_bbox(stack_m=stack_moving, vol_type_m='annotationAsScore',\n",
    "                                                        stack_f=stack_fixed, vol_type_f='annotationAsScore',\n",
    "                                                        warp_setting=warp_setting,\n",
    "                                                        structure=rname)\n",
    "            instance_centroid_rel2fixed = np.mean(np.nonzero(right_instance_vol), axis=1)[[1,0,2]] + right_instance_vol_bbox_rel2fixed[[0,2,4]]\n",
    "            instance_centroids_rel2fixed[rname].append(instance_centroid_rel2fixed)\n",
    "        except Exception as e:\n",
    "            print e\n",
    "            continue \n"
   ]
  },
  {
   "cell_type": "code",
   "execution_count": 9,
   "metadata": {
    "collapsed": true
   },
   "outputs": [],
   "source": [
    "instance_centroids_rel2fixed.default_factory = None"
   ]
  },
  {
   "cell_type": "code",
   "execution_count": 42,
   "metadata": {},
   "outputs": [
    {
     "name": "stdout",
     "output_type": "stream",
     "text": [
      "aws s3 cp \"/home/yuncong/CSHL_meshes/atlasV5/atlasV5_instanceCentroids.pkl\" \"s3://mousebrainatlas-data/CSHL_meshes/atlasV5/atlasV5_instanceCentroids.pkl\"\n"
     ]
    }
   ],
   "source": [
    "fp = DataManager.get_instance_centroids_filepath(atlas_name=atlas_name)\n",
    "save_pickle(instance_centroids_rel2fixed, fp)\n",
    "upload_to_s3(fp)"
   ]
  },
  {
   "cell_type": "markdown",
   "metadata": {},
   "source": [
    "## Load instance centroids"
   ]
  },
  {
   "cell_type": "code",
   "execution_count": 5,
   "metadata": {
    "collapsed": true
   },
   "outputs": [],
   "source": [
    "fp = DataManager.get_instance_centroids_filepath(atlas_name=atlas_name)\n",
    "instance_centroids_rel2fixed = load_pickle(fp)"
   ]
  },
  {
   "cell_type": "code",
   "execution_count": 18,
   "metadata": {
    "collapsed": true
   },
   "outputs": [],
   "source": [
    "instance_centroids_rel2canon = {name_s: np.array(instance_centroids) - canonical_centroid_rel2fixed\n",
    "                                for name_s, instance_centroids in instance_centroids_rel2fixed.iteritems()}"
   ]
  },
  {
   "cell_type": "markdown",
   "metadata": {},
   "source": [
    "## Average the centroids"
   ]
  },
  {
   "cell_type": "code",
   "execution_count": 28,
   "metadata": {},
   "outputs": [
    {
     "name": "stdout",
     "output_type": "stream",
     "text": [
      "[ 0.04111027 -0.09160432  0.99494653] @ [ 172.0630378   223.21016434  186.74030921]\n",
      "canonical_centroid_rel2uncropped [ 794.0630378   378.21016434  314.74030921]\n"
     ]
    }
   ],
   "source": [
    "nominal_locations_rel2canon, canonical_centroid_rel2fixed, canonical_normal = \\\n",
    "average_location(instance_centroids_rel2fixed)\n",
    "\n",
    "canonical_centroid_rel2uncropped = canonical_centroid_rel2fixed + ann_vol_bbox_rel2uncropped[[0,2,4]]\n",
    "print 'canonical_centroid_rel2uncropped', canonical_centroid_rel2uncropped"
   ]
  },
  {
   "cell_type": "code",
   "execution_count": 29,
   "metadata": {
    "collapsed": true
   },
   "outputs": [],
   "source": [
    "nominal_locations_rel2fixed = {k: canonical_centroid_rel2fixed + c for k, c in nominal_locations_rel2canon.iteritems()}"
   ]
  },
  {
   "cell_type": "code",
   "execution_count": 30,
   "metadata": {},
   "outputs": [
    {
     "name": "stdout",
     "output_type": "stream",
     "text": [
      "deviation angle: 5.76256199381\n"
     ]
    }
   ],
   "source": [
    "print 'deviation angle:', np.rad2deg(np.arccos(canonical_normal[2]))"
   ]
  },
  {
   "cell_type": "code",
   "execution_count": 31,
   "metadata": {
    "collapsed": true
   },
   "outputs": [],
   "source": [
    "cov_mat_allStructures, radii_allStructures, ellipsoid_matrix_allStructures = \\\n",
    "compute_covar_from_instance_centroids(instance_centroids_rel2fixed)"
   ]
  },
  {
   "cell_type": "code",
   "execution_count": 32,
   "metadata": {
    "collapsed": true,
    "scrolled": true
   },
   "outputs": [],
   "source": [
    "# Manually coerce 2D ellipsoid to 3D.\n",
    "\n",
    "for k in sorted(all_known_structures_sided):\n",
    "    orig_radii = radii_allStructures[k]\n",
    "    new_radii = orig_radii.copy()\n",
    "    new_radii[2] = 5 # manually assign a radius on the third direction.\n",
    "    D = np.diag(new_radii)\n",
    "    cov_mat_allStructures[k] = np.dot(ellipsoid_matrix_allStructures[k].T, np.dot(D**2, ellipsoid_matrix_allStructures[k]))"
   ]
  },
  {
   "cell_type": "code",
   "execution_count": 33,
   "metadata": {},
   "outputs": [
    {
     "data": {
      "text/plain": [
       "{'10N_L': array([[   8.73503513,   28.67689077,   -0.32127121],\n",
       "        [  28.67689077,  108.09691627,    6.50678922],\n",
       "        [  -0.32127121,    6.50678922,   25.25767098]]),\n",
       " '10N_R': array([[ 18.24424834,   6.63761667,   8.19284956],\n",
       "        [  6.63761667,  15.8003681 ,  -6.71678288],\n",
       "        [  8.19284956,  -6.71678288,  14.4010548 ]]),\n",
       " '12N': array([[  4.16596794,  11.00546909,  -3.31957821],\n",
       "        [ 11.00546909,  45.14741041,   3.13432629],\n",
       "        [ -3.31957821,   3.13432629,  24.54451573]]),\n",
       " '3N_L': array([[ 212.28876163,  -58.51397998,  -70.67979921],\n",
       "        [ -58.51397998,   16.57854198,   16.87522644],\n",
       "        [ -70.67979921,   16.87522644,   50.65806766]]),\n",
       " '3N_R': array([[ 319.89624224,  -50.62728246,  -96.89380857],\n",
       "        [ -50.62728246,    9.06947695,   10.45964232],\n",
       "        [ -96.89380857,   10.45964232,   55.28772388]]),\n",
       " '4N_L': array([[ 185.44010244,  -28.57342117,  -74.21602692],\n",
       "        [ -28.57342117,    4.86608743,    9.28532832],\n",
       "        [ -74.21602692,    9.28532832,   58.71768811]]),\n",
       " '4N_R': array([[ 278.98212464,  -30.23305145,  -68.36743677],\n",
       "        [ -30.23305145,    3.76880131,    4.90393448],\n",
       "        [ -68.36743677,    4.90393448,   42.98200675]]),\n",
       " '5N_L': array([[ 56.75154372,  -9.96865711, -17.19338577],\n",
       "        [ -9.96865711,   4.53806874,  10.93561228],\n",
       "        [-17.19338577,  10.93561228,  33.01035028]]),\n",
       " '5N_R': array([[ 11.71457466,  27.05638738,   0.18401747],\n",
       "        [ 27.05638738,  63.66000646,  -0.67395522],\n",
       "        [  0.18401747,  -0.67395522,  24.9984059 ]]),\n",
       " '6N_L': array([[  5.36398446,   3.04989202,   8.45878334],\n",
       "        [  3.04989202,   5.97639898,   0.6845399 ],\n",
       "        [  8.45878334,   0.6845399 ,  21.14085043]]),\n",
       " '6N_R': array([[ 12.82890521,   8.979558  ,  -9.30053327],\n",
       "        [  8.979558  ,  30.43328134,   9.58148328],\n",
       "        [ -9.30053327,   9.58148328,  18.50645399]]),\n",
       " '7N_L': array([[  7.81518394e+01,  -3.57802154e-02,  -6.59815372e+01],\n",
       "        [ -3.57802154e-02,   8.03722743e+00,   1.54032935e+01],\n",
       "        [ -6.59815372e+01,   1.54032935e+01,   9.30014292e+01]]),\n",
       " '7N_R': array([[   2.01603262,   12.82866528,   -1.74532506],\n",
       "        [  12.82866528,  125.48907522,    7.50473955],\n",
       "        [  -1.74532506,    7.50473955,   25.26364424]]),\n",
       " '7n_L': array([[ 47.71045269,  -8.35751139, -10.13781369],\n",
       "        [ -8.35751139,   4.68412245,   9.79503851],\n",
       "        [-10.13781369,   9.79503851,  27.95327798]]),\n",
       " '7n_R': array([[  8.32801999,  25.27273401,  -0.4341033 ],\n",
       "        [ 25.27273401,  80.67755982,  -6.90794416],\n",
       "        [ -0.4341033 ,  -6.90794416,  25.59775592]]),\n",
       " 'AP': array([[ 13.02580886,  18.01539199,   3.9946426 ],\n",
       "        [ 18.01539199,  39.88455948,  -9.9847305 ],\n",
       "        [  3.9946426 ,  -9.9847305 ,  24.04361959]]),\n",
       " 'Amb_L': array([[ 30.90766709, -12.32843302, -33.953113  ],\n",
       "        [-12.32843302,  50.42409391,  64.8065473 ],\n",
       "        [-33.953113  ,  64.8065473 ,  99.60620579]]),\n",
       " 'Amb_R': array([[  0.68916538,   3.660836  ,   1.57093483],\n",
       "        [  3.660836  ,  60.15467155,  -1.21397936],\n",
       "        [  1.57093483,  -1.21397936,  24.92524431]]),\n",
       " 'DC_L': array([[ 26.76784924, -10.0643439 ,  -3.85055098],\n",
       "        [-10.0643439 ,  78.89308063,  30.45350324],\n",
       "        [ -3.85055098,  30.45350324,  11.99428946]]),\n",
       " 'DC_R': array([[ 34.08479419, -54.04022842,  -0.55504539],\n",
       "        [-54.04022842,  88.13024727,   3.01259532],\n",
       "        [ -0.55504539,   3.01259532,  25.03358767]]),\n",
       " 'IC': array([[ 152.31874284,  -11.29376151,  -27.04359745],\n",
       "        [ -11.29376151,    2.09188929,   -1.50498149],\n",
       "        [ -27.04359745,   -1.50498149,   30.10689103]]),\n",
       " 'LC_L': array([[ 31.6568831 , -15.07660535,  -6.92058895],\n",
       "        [-15.07660535,  14.68828487,  17.52312355],\n",
       "        [ -6.92058895,  17.52312355,  32.11781795]]),\n",
       " 'LC_R': array([[ 23.02083001,  24.65953034,   2.68127133],\n",
       "        [ 24.65953034,  42.47086536, -15.49976716],\n",
       "        [  2.68127133, -15.49976716,  22.35513605]]),\n",
       " 'LRt_L': array([[ 163.36144293,  -99.70882241, -117.16070423],\n",
       "        [ -99.70882241,   82.00613139,   95.73428438],\n",
       "        [-117.16070423,   95.73428438,  115.60328711]]),\n",
       " 'LRt_R': array([[ 23.6685489 ,   5.97246461,  -5.62420588],\n",
       "        [  5.97246461,   7.27656991,   7.16798622],\n",
       "        [ -5.62420588,   7.16798622,  37.21636101]]),\n",
       " 'PBG_L': array([[ 44.13656969, -21.39586957, -35.12359693],\n",
       "        [-21.39586957,  11.19841299,  21.6521243 ],\n",
       "        [-35.12359693,  21.6521243 ,  81.23811903]]),\n",
       " 'PBG_R': array([[ 290.86516346,  -93.36717828, -104.5903471 ],\n",
       "        [ -93.36717828,   30.43019441,   31.62150582],\n",
       "        [-104.5903471 ,   31.62150582,   65.19146431]]),\n",
       " 'Pn_L': array([[ 71.52914103,  -2.38621494, -53.80420686],\n",
       "        [ -2.38621494,  21.4941363 ,  14.61246213],\n",
       "        [-53.80420686,  14.61246213,  48.49352523]]),\n",
       " 'Pn_R': array([[ 94.96147264,  43.93105723, -20.33914202],\n",
       "        [ 43.93105723,  21.666776  ,  -4.27339562],\n",
       "        [-20.33914202,  -4.27339562,  28.57721046]]),\n",
       " 'RMC_L': array([[ 163.75718931,  -36.4416319 ,  -66.37498863],\n",
       "        [ -36.4416319 ,    8.31901767,   16.81755171],\n",
       "        [ -66.37498863,   16.81755171,   56.7363278 ]]),\n",
       " 'RMC_R': array([[ 400.03421144,  -52.64901788, -167.6152064 ],\n",
       "        [ -52.64901788,    7.10552757,   20.00374845],\n",
       "        [-167.6152064 ,   20.00374845,   99.4208606 ]]),\n",
       " 'RtTg': array([[ 38.23632227,  24.80796613,  -1.33966363],\n",
       "        [ 24.80796613,  16.53566881,  -0.42918142],\n",
       "        [ -1.33966363,  -0.42918142,  25.0567444 ]]),\n",
       " 'SC': array([[ 181.6003562 ,  -37.54335093,  -82.73340769],\n",
       "        [ -37.54335093,   13.04719311,    6.62428789],\n",
       "        [ -82.73340769,    6.62428789,   60.38037394]]),\n",
       " 'SNC_L': array([[ 99.08546097, -21.16095628, -22.23659862],\n",
       "        [-21.16095628,  27.23290284,  -3.19392833],\n",
       "        [-22.23659862,  -3.19392833,   7.76796302]]),\n",
       " 'SNC_R': array([[ 341.05500037, -137.44443594,  -25.82453924],\n",
       "        [-137.44443594,   56.44633502,   15.45300832],\n",
       "        [ -25.82453924,   15.45300832,   26.48061359]]),\n",
       " 'SNR_L': array([[ 117.88529572,  -61.78178442,  -82.44446299],\n",
       "        [ -61.78178442,   65.63235462,   58.75189324],\n",
       "        [ -82.44446299,   58.75189324,   64.94993245]]),\n",
       " 'SNR_R': array([[ 273.94476249,  -86.20560518,  -40.93752426],\n",
       "        [ -86.20560518,   30.07392674,   21.21821428],\n",
       "        [ -40.93752426,   21.21821428,   29.73043721]]),\n",
       " 'Sp5C_L': array([[  17.07288988,   51.61146987,   11.97321486],\n",
       "        [  51.61146987,  560.47332506,  265.65718541],\n",
       "        [  11.97321486,  265.65718541,  142.39306644]]),\n",
       " 'Sp5C_R': array([[ 81.49418658, -89.78560773,  -6.97355141],\n",
       "        [-89.78560773,  99.2902572 ,   4.66380145],\n",
       "        [ -6.97355141,   4.66380145,  25.25842165]]),\n",
       " 'Sp5I_L': array([[  80.82832251,  119.56932502,   58.17034512],\n",
       "        [ 119.56932502,  192.10005929,  105.59025601],\n",
       "        [  58.17034512,  105.59025601,   81.55588444]]),\n",
       " 'Sp5I_R': array([[ 33.66554971,  48.98152504,  -8.16804788],\n",
       "        [ 48.98152504,  85.61980027, -29.25651279],\n",
       "        [ -8.16804788, -29.25651279,  31.37632193]]),\n",
       " 'Sp5O_L': array([[ 20.65152902,   5.32442053,  -8.28223761],\n",
       "        [  5.32442053,  41.10885055,  45.60077468],\n",
       "        [ -8.28223761,  45.60077468,  64.79268362]]),\n",
       " 'Sp5O_R': array([[  37.96118942,  -60.58455811,    1.4469803 ],\n",
       "        [ -60.58455811,  159.57216617,  -36.68242737],\n",
       "        [   1.4469803 ,  -36.68242737,   19.13850675]]),\n",
       " 'Tz_L': array([[ 16.22255665,  24.74802025,  -5.93012581],\n",
       "        [ 24.74802025,  41.37740791, -12.87824637],\n",
       "        [ -5.93012581, -12.87824637,  31.16198286]]),\n",
       " 'Tz_R': array([[ 14.97371133,  36.67477592,  -4.93241431],\n",
       "        [ 36.67477592,  97.41198569, -21.413125  ],\n",
       "        [ -4.93241431, -21.413125  ,  30.10976597]]),\n",
       " 'VCA_L': array([[  16.23115166,    9.11508292,   -8.18454382],\n",
       "        [   9.11508292,  116.50680362,   68.08118426],\n",
       "        [  -8.18454382,   68.08118426,   52.50576732]]),\n",
       " 'VCA_R': array([[ 11.14145459, -20.65744951,   7.63911628],\n",
       "        [-20.65744951,  75.735044  ,   9.72971416],\n",
       "        [  7.63911628,   9.72971416,  20.82284327]]),\n",
       " 'VCP_L': array([[ 19.46842257,   9.74492249,  -4.8285262 ],\n",
       "        [  9.74492249,  63.6135016 ,  54.70120564],\n",
       "        [ -4.8285262 ,  54.70120564,  59.04124511]]),\n",
       " 'VCP_R': array([[  15.89557887,  -41.22524634,   -5.23194847],\n",
       "        [ -41.22524634,  136.13782234,  -10.74869175],\n",
       "        [  -5.23194847,  -10.74869175,   22.55581947]]),\n",
       " 'VLL_L': array([[ 191.92341269, -160.05403125,  -94.76093506],\n",
       "        [-160.05403125,  167.51332419,  103.431388  ],\n",
       "        [ -94.76093506,  103.431388  ,   64.37024362]]),\n",
       " 'VLL_R': array([[ 52.18779532,  38.82563441, -13.05449272],\n",
       "        [ 38.82563441,  29.42441896, -12.18931809],\n",
       "        [-13.05449272, -12.18931809,  30.4520317 ]])}"
      ]
     },
     "execution_count": 33,
     "metadata": {},
     "output_type": "execute_result"
    }
   ],
   "source": [
    "cov_mat_allStructures"
   ]
  },
  {
   "cell_type": "code",
   "execution_count": 34,
   "metadata": {
    "collapsed": true
   },
   "outputs": [],
   "source": [
    "for s, cov_mat in cov_mat_allStructures.iteritems():\n",
    "    covar_fp = DataManager.get_prior_covariance_matrix_filepath(atlas_name=atlas_name, structure=s)\n",
    "    create_parent_dir_if_not_exists(covar_fp)\n",
    "    bp.pack_ndarray_file(cov_mat, covar_fp)"
   ]
  },
  {
   "cell_type": "code",
   "execution_count": 42,
   "metadata": {},
   "outputs": [
    {
     "name": "stderr",
     "output_type": "stream",
     "text": [
      "/usr/local/lib/python2.7/dist-packages/matplotlib/axes/_axes.py:531: UserWarning: No labelled objects found. Use label='...' kwarg on individual plots.\n",
      "  warnings.warn(\"No labelled objects found. \"\n"
     ]
    },
    {
     "data": {
