{
 "cells": [
  {
   "cell_type": "code",
   "execution_count": 1,
   "metadata": {
    "collapsed": true
   },
   "outputs": [],
   "source": [
    "%load_ext autoreload\n",
    "%autoreload 2"
   ]
  },
  {
   "cell_type": "code",
   "execution_count": 2,
   "metadata": {
    "scrolled": true
   },
   "outputs": [
    {
     "name": "stdout",
     "output_type": "stream",
     "text": [
      "Setting environment for Local Macbook Pro\n"
     ]
    }
   ],
   "source": [
    "import sys\n",
    "import os\n",
    "import time\n",
    "\n",
    "import matplotlib.pyplot as plt\n",
    "%matplotlib inline\n",
    "import numpy as np\n",
    "\n",
    "sys.path.append(os.path.join(os.environ['REPO_DIR'], 'utilities'))\n",
    "from utilities2015 import *\n",
    "from registration_utilities import *\n",
    "from annotation_utilities import *\n",
    "from metadata import *\n",
    "from data_manager import *"
   ]
  },
  {
   "cell_type": "code",
   "execution_count": 3,
   "metadata": {
    "collapsed": true
   },
   "outputs": [],
   "source": [
    "from aligner_v3 import Aligner"
   ]
  },
  {
   "cell_type": "code",
   "execution_count": 4,
   "metadata": {
    "collapsed": true
   },
   "outputs": [],
   "source": [
    "lauren_brains = ['LM42_LM37', 'LM94_LM96_LM25', 'LM38', 'LM30new', 'LM27', 'LM37', 'LM22', 'LM32', 'LM17', 'LM48', 'LM31', 'LM95', 'LM41', 'LM84', 'LM40new', 'LM86', 'LM54', 'LM46']"
   ]
  },
  {
   "cell_type": "code",
   "execution_count": 5,
   "metadata": {
    "scrolled": true
   },
   "outputs": [
    {
     "name": "stdout",
     "output_type": "stream",
     "text": [
      "upstream_warp_id                                                               None\n",
      "transform_type                                                                rigid\n",
      "grad_computation_sample_number                                               100000\n",
      "grid_search_sample_number                                                      1000\n",
      "std_tx_um                                                                        50\n",
      "std_ty_um                                                                        50\n",
      "std_tz_um                                                                        50\n",
      "std_theta_xy_degree                                                              10\n",
      "surround_weight                                                             inverse\n",
      "regularization_weight                                                           NaN\n",
      "terminate_thresh_trans                                                         0.01\n",
      "terminate_thresh_rot                                                           0.01\n",
      "history_len                                                                     100\n",
      "max_iter_num                                                                   5000\n",
      "learning_rate_trans                                                               1\n",
      "learning_rate_rot                                                              0.01\n",
      "comment                           structure registration with surround, no initi...\n",
      "Name: 7, dtype: object\n",
      "surround inverse True\n"
     ]
    },
    {
     "name": "stderr",
     "output_type": "stream",
     "text": [
      "Prior structure/index map not found. Generating a new one.\n",
      "Loaded moving volumes: ['SNR_L', 'SNR_L_surround_200um'].\n",
      "Prior structure/index map not found. Generating a new one.\n",
      "Loaded fixed volumes: ['SNR_L', 'SNR_L_surround_200um'].\n",
      "Computing structure sizes: 0.01 s\n"
     ]
    },
    {
     "name": "stdout",
     "output_type": "stream",
     "text": [
      "loaded_cropbox_resolution 10.0um\n",
      "loaded_cropbox_resolution 10.0um\n",
      "voxel size for moving = 10.00 um\n",
      "voxel size for fixed = 10.00 um\n",
      "label_mapping_m2f {1: 2, 2: 2}\n",
      "{1: 0.4106634410482, 2: 1.0}\n"
     ]
    },
    {
     "name": "stderr",
     "output_type": "stream",
     "text": [
      "Label weights not set, default to 1 for all structures.\n",
      "Regularization weights not set, default to 0.\n",
      "centroid_m: [-200.41669168  -21.85694043 -139.10339403], centroid_f: [   45.98739094   703.33963606  8151.68314349]\n",
      "indices_f: set([2])\n",
      "1: 671507 valid, 386688 out-of-bound voxels after transform.\n",
      "2: 945670 valid, 251594 out-of-bound voxels after transform.\n",
      "\n",
      "iteration 0\n",
      "1: 671507 valid, 386688 out-of-bound voxels after transform.\n",
      "2: 945670 valid, 251594 out-of-bound voxels after transform.\n",
      "Norm of gradient (translation) = 1.732051\n",
      "Norm of gradient (rotation) = 1.732051\n",
      "around x=0.57; around y=-0.58; around z=0.57\n",
      "step: 0.47 seconds\n",
      "current score: -0.018406\n",
      "new_T: [ 0.9999     -0.0100495  -0.0099495  -0.99993333  0.0099495   0.9999\n",
      " -0.0100495  -1.00996642  0.0100495   0.0099495   0.9999      0.98996692]\n",
      "det: 1.00\n",
      "\n",
      "iteration 1\n",
      "1: 676237 valid, 381958 out-of-bound voxels after transform.\n",
      "2: 948931 valid, 248333 out-of-bound voxels after transform.\n",
      "Norm of gradient (translation) = 0.688701\n",
      "Norm of gradient (rotation) = 0.750168\n",
      "around x=0.42; around y=-0.86; around z=0.86\n",
      "step: 0.46 seconds\n",
      "current score: -0.013024\n",
      "new_T: [ 0.99977516 -0.0151427  -0.01484368 -1.49452451  0.01503128  0.99985822\n",
      " -0.00758937 -0.7732985   0.0149565   0.00736455  0.99986102  0.57256481]\n",
      "det: 1.00\n",
      "\n",
      "iteration 2\n",
      "1: 675783 valid, 382412 out-of-bound voxels after transform.\n",
      "2: 947108 valid, 250156 out-of-bound voxels after transform.\n",
      "Norm of gradient (translation) = 0.508627\n",
      "Norm of gradient (rotation) = 0.639348\n",
      "around x=0.31; around y=-1.10; around z=1.11\n",
      "step: 0.46 seconds\n",
      "current score: -0.015824\n",
      "new_T: [ 0.99962649 -0.01952907 -0.01911771 -1.92473977  0.01942077  0.99979438\n",
      " -0.00583426 -0.60170223  0.01922772  0.0054608   0.99980022  0.36393091]\n",
      "det: 1.00\n",
      "\n",
      "iteration 3\n",
      "1: 674402 valid, 383793 out-of-bound voxels after transform.\n",
      "2: 944078 valid, 253186 out-of-bound voxels after transform.\n",
      "Norm of gradient (translation) = 0.420954\n",
      "Norm of gradient (rotation) = 0.561895\n",
      "around x=0.22; around y=-1.32; around z=1.34\n",
      "step: 0.47 seconds\n",
      "current score: -0.019519\n",
      "new_T: [ 0.99946377 -0.02339161 -0.02291277 -2.30599023  0.02329616  0.99971882\n",
      " -0.004424   -0.46161553  0.02300982  0.00388784  0.99972768  0.25986902]\n",
      "det: 1.00\n",
      "\n",
      "iteration 4\n",
      "1: 673399 valid, 384796 out-of-bound voxels after transform.\n",
      "2: 941983 valid, 255281 out-of-bound voxels after transform.\n",
      "Norm of gradient (translation) = 0.387147\n",
      "Norm of gradient (rotation) = 0.503551\n",
      "around x=0.12; around y=-1.51; around z=1.53\n",
      "step: 0.50 seconds\n",
      "current score: -0.022275\n",
      "new_T: [  9.99297875e-01  -2.67515947e-02  -2.62318315e-02  -2.63910883e+00\n",
      "   2.66880883e-02   9.99639977e-01  -2.76814782e-03  -2.95642359e-01\n",
      "   2.62964398e-02   2.06612680e-03   9.99652054e-01   1.61194172e-01]\n",
      "det: 1.00\n",
      "\n",
      "iteration 5\n",
      "1: 673045 valid, 385150 out-of-bound voxels after transform.\n",
      "2: 940509 valid, 256755 out-of-bound voxels after transform.\n",
      "Norm of gradient (translation) = 0.349765\n",
      "Norm of gradient (rotation) = 0.459782\n",
      "around x=0.02; around y=-1.68; around z=1.71\n",
      "step: 0.50 seconds\n",
      "current score: -0.024290\n",
      "new_T: [  9.99127002e-01  -2.98084906e-02  -2.92692277e-02  -2.94368970e+00\n",
      "   2.97843741e-02   9.99555553e-01  -1.25968160e-03  -1.43849240e-01\n",
      "   2.92937683e-02   3.86816273e-04   9.99570771e-01   9.17732543e-02]\n",
      "det: 1.00\n",
      "\n",
      "iteration 6\n",
      "1: 672308 valid, 385887 out-of-bound voxels after transform.\n",
      "2: 939187 valid, 258077 out-of-bound voxels after transform.\n",
      "Norm of gradient (translation) = 0.318498\n",
      "Norm of gradient (rotation) = 0.426126\n",
      "around x=-0.06; around y=-1.84; around z=1.87\n",
      "step: 0.49 seconds\n",
      "current score: -0.026368\n",
      "new_T: [  9.98950800e-01  -3.26524920e-02  -3.21109749e-02  -3.22850778e+00\n",
      "   3.26710572e-02   9.99466157e-01   5.35033372e-05  -1.00375753e-02\n",
      "   3.20920856e-02  -1.10254670e-03   9.99484308e-01   7.74296212e-02]\n",
      "det: 1.00\n",
      "\n",
      "iteration 7\n",
      "1: 671651 valid, 386544 out-of-bound voxels after transform.\n",
      "2: 937768 valid, 259496 out-of-bound voxels after transform.\n",
      "Norm of gradient (translation) = 0.301209\n",
      "Norm of gradient (rotation) = 0.398441\n",
      "around x=-0.15; around y=-1.99; around z=2.03\n",
      "step: 0.49 seconds\n",
      "current score: -0.028341\n",
      "new_T: [  9.98773719e-01  -3.52726384e-02  -3.47404561e-02  -3.49206558e+00\n",
      "   3.53426083e-02   9.99374272e-01   1.40185364e-03   1.27689522e-01\n",
      "   3.46692709e-02  -2.62795290e-03   9.99395385e-01   6.88460686e-02]\n",
      "det: 1.00\n",
      "\n",
      "iteration 8\n",
      "1: 671240 valid, 386955 out-of-bound voxels after transform.\n",
      "2: 936475 valid, 260789 out-of-bound voxels after transform.\n",
      "Norm of gradient (translation) = 0.292485\n",
      "Norm of gradient (rotation) = 0.380259\n",
      "around x=-0.24; around y=-2.12; around z=2.17\n",
      "step: 0.49 seconds\n",
      "current score: -0.029991\n",
      "new_T: [  9.98595517e-01  -3.77198996e-02  -3.72048650e-02  -3.73908658e+00\n",
      "   3.78519285e-02   9.99279293e-01   2.85047355e-03   2.76225942e-01\n",
      "   3.70705316e-02  -4.25474599e-03   9.99303594e-01   7.01087290e-02]\n",
      "det: 1.00\n",
      "\n",
      "iteration 9\n",
      "1: 670947 valid, 387248 out-of-bound voxels after transform.\n",
      "2: 935377 valid, 261887 out-of-bound voxels after transform.\n",
      "Norm of gradient (translation) = 0.275833\n",
      "Norm of gradient (rotation) = 0.355991\n",
      "around x=-0.33; around y=-2.25; around z=2.31\n",
      "step: 0.50 seconds\n",
      "current score: -0.031496\n",
      "new_T: [ 0.99841795 -0.04000156 -0.03951545 -3.97073334  0.0401988   0.99918283\n",
      "  0.00420934  0.41605048  0.03931478 -0.00579115  0.99921009  0.08912817]\n",
      "det: 1.00\n",
      "\n",
      "iteration 10\n",
      "1: 670732 valid, 387463 out-of-bound voxels after transform.\n",
      "2: 934529 valid, 262735 out-of-bound voxels after transform.\n",
      "Norm of gradient (translation) = 0.261068\n",
      "Norm of gradient (rotation) = 0.333934\n",
      "around x=-0.42; around y=-2.37; around z=2.43\n",
      "step: 0.49 seconds\n",
      "current score: -0.032718\n",
      "new_T: [ 0.99824441 -0.04210454 -0.04165704 -4.18552761  0.04237271  0.99908632\n",
      "  0.00557545  0.55630701  0.04138422 -0.00733079  0.99911641  0.10018217]\n",
      "det: 1.00\n",
      "\n",
      "iteration 11\n",
      "1: 670331 valid, 387864 out-of-bound voxels after transform.\n",
      "2: 933501 valid, 263763 out-of-bound voxels after transform.\n",
      "Norm of gradient (translation) = 0.251568\n",
      "Norm of gradient (rotation) = 0.319926\n",
      "around x=-0.51; around y=-2.48; around z=2.55\n",
      "step: 0.50 seconds\n",
      "current score: -0.034165\n",
      "new_T: [ 0.99807136 -0.04409639 -0.0436928  -4.38976388  0.04444049  0.99898796\n",
      "  0.00693523  0.6957908   0.04334276 -0.00886358  0.99902094  0.10737585]\n",
      "det: 1.00\n",
      "\n",
      "iteration 12\n",
      "1: 669961 valid, 388234 out-of-bound voxels after transform.\n",
      "2: 932424 valid, 264840 out-of-bound voxels after transform.\n",
      "Norm of gradient (translation) = 0.240931\n",
      "Norm of gradient (rotation) = 0.305503\n",
      "around x=-0.59; around y=-2.59; around z=2.66\n",
      "step: 0.97 seconds\n",
      "current score: -0.035646\n",
      "new_T: [ 0.99789834 -0.04599621 -0.04564273 -4.58545025  0.04641797  0.99888826\n",
      "  0.00822342  0.82810852  0.04521374 -0.01032478  0.99892398  0.12198753]\n",
      "det: 1.00\n",
      "\n",
      "iteration 13\n",
      "1: 669672 valid, 388523 out-of-bound voxels after transform.\n",
      "2: 931556 valid, 265708 out-of-bound voxels after transform.\n",
      "Norm of gradient (translation) = 0.228386\n",
      "Norm of gradient (rotation) = 0.289858\n",
      "around x=-0.67; around y=-2.69; around z=2.77\n",
      "step: 1.02 seconds\n",
      "current score: -0.036897\n",
      "new_T: [ 0.99772481 -0.04781968 -0.04752347 -4.77424289  0.0483167   0.99878817\n",
      "  0.00936464  0.94560643  0.04701806 -0.01163951  0.99882622  0.14903004]\n",
      "det: 1.00\n",
      "\n",
      "iteration 14\n",
      "1: 669458 valid, 388737 out-of-bound voxels after transform.\n",
      "2: 930850 valid, 266414 out-of-bound voxels after transform.\n",
      "Norm of gradient (translation) = 0.220702\n",
      "Norm of gradient (rotation) = 0.278395\n",
      "around x=-0.74; around y=-2.79; around z=2.88\n",
      "step: 1.00 seconds\n",
      "current score: -0.037863\n",
      "new_T: [ 0.99755082 -0.04957531 -0.04934226 -4.95688962  0.0501477   0.99868735\n",
      "  0.01043021  1.05557092  0.04876041 -0.01287907  0.99872747  0.18470354]\n",
      "det: 1.00\n",
      "\n",
      "iteration 15\n",
      "1: 669176 valid, 389019 out-of-bound voxels after transform.\n",
      "2: 929973 valid, 267291 out-of-bound voxels after transform.\n",
      "Norm of gradient (translation) = 0.212831\n",
      "Norm of gradient (rotation) = 0.268130\n",
      "around x=-0.81; around y=-2.89; around z=2.98\n",
      "step: 1.00 seconds\n",
      "current score: -0.039077\n",
      "new_T: [ 0.99737886 -0.05124742 -0.05107938 -5.13142747  0.0518986   0.9985861\n",
      "  0.01150372  1.1661059   0.05041762 -0.01412451  0.99862834  0.21316389]\n",
      "det: 1.00\n",
      "\n",
      "iteration 16\n",
      "1: 668960 valid, 389235 out-of-bound voxels after transform.\n"
     ]
    },
    {
     "name": "stderr",
     "output_type": "stream",
     "text": [
      "2: 929151 valid, 268113 out-of-bound voxels after transform.\n",
      "Norm of gradient (translation) = 0.206970\n",
      "Norm of gradient (rotation) = 0.259632\n",
      "around x=-0.88; around y=-2.98; around z=3.08\n",
      "step: 0.85 seconds\n",
      "current score: -0.040198\n",
      "new_T: [ 0.99720916 -0.05284179 -0.0527413  -5.29849895  0.053576    0.99848422\n",
      "  0.0126045   1.27924178  0.05199531 -0.01539499  0.99852866  0.23450837]\n",
      "det: 1.00\n",
      "\n",
      "iteration 17\n",
      "1: 668741 valid, 389454 out-of-bound voxels after transform.\n",
      "2: 928385 valid, 268879 out-of-bound voxels after transform.\n",
      "Norm of gradient (translation) = 0.199820\n",
      "Norm of gradient (rotation) = 0.249120\n",
      "around x=-0.96; around y=-3.07; around z=3.17\n",
      "step: 0.82 seconds\n",
      "current score: -0.041198\n",
      "new_T: [ 0.99704272 -0.05435582 -0.05432556 -5.45783377  0.05517498  0.9983828\n",
      "  0.01369331  1.39112638  0.05349339 -0.01665023  0.99842938  0.25516634]\n",
      "det: 1.00\n",
      "\n",
      "iteration 18\n",
      "1: 668575 valid, 389620 out-of-bound voxels after transform.\n",
      "2: 927705 valid, 269559 out-of-bound voxels after transform.\n",
      "Norm of gradient (translation) = 0.192028\n",
      "Norm of gradient (rotation) = 0.239274\n",
      "around x=-1.02; around y=-3.15; around z=3.26\n",
      "step: 0.83 seconds\n",
      "current score: -0.042155\n",
      "new_T: [ 0.99687738 -0.05581438 -0.05585907 -5.61212647  0.05671748  0.99828184\n",
      "  0.01471358  1.4960086   0.05494187 -0.01783582  0.99833024  0.27867271]\n",
      "det: 1.00\n",
      "\n",
      "iteration 19\n",
      "1: 668277 valid, 389918 out-of-bound voxels after transform.\n",
      "2: 926899 valid, 270365 out-of-bound voxels after transform.\n",
      "Norm of gradient (translation) = 0.184215\n",
      "Norm of gradient (rotation) = 0.230379\n",
      "around x=-1.09; around y=-3.23; around z=3.34\n",
      "step: 0.82 seconds\n",
      "current score: -0.043319\n",
      "new_T: [ 0.9967124  -0.05722847 -0.05735232 -5.76242835  0.05821364  0.99818139\n",
      "  0.01565516  1.59275015  0.0563521  -0.01894238  0.99823125  0.30311798]\n",
      "det: 1.00\n",
      "\n",
      "iteration 20\n",
      "1: 668107 valid, 390088 out-of-bound voxels after transform.\n",
      "2: 926201 valid, 271063 out-of-bound voxels after transform.\n",
      "Norm of gradient (translation) = 0.178850\n",
      "Norm of gradient (rotation) = 0.222247\n",
      "around x=-1.15; around y=-3.31; around z=3.43\n",
      "step: 0.78 seconds\n",
      "current score: -0.044252\n",
      "new_T: [ 0.99654996 -0.05858378 -0.05878879 -5.9070731   0.05965186  0.99808155\n",
      "  0.01657922  1.68775373  0.05770473 -0.02002888  0.99813276  0.32902131]\n",
      "det: 1.00\n",
      "\n",
      "iteration 21\n",
      "1: 667718 valid, 390477 out-of-bound voxels after transform.\n",
      "2: 925265 valid, 271999 out-of-bound voxels after transform.\n",
      "Norm of gradient (translation) = 0.173570\n",
      "Norm of gradient (rotation) = 0.214101\n",
      "around x=-1.21; around y=-3.38; around z=3.50\n",
      "step: 0.55 seconds\n",
      "current score: -0.045610\n",
      "new_T: [ 0.99639126 -0.05987551 -0.06016131 -6.04533609  0.06102789  0.99798261\n",
      "  0.01750181  1.7826277   0.05899201 -0.02111017  0.99803522  0.35486511]\n",
      "det: 1.00\n",
      "\n",
      "iteration 22\n",
      "1: 667681 valid, 390514 out-of-bound voxels after transform.\n",
      "2: 924803 valid, 272461 out-of-bound voxels after transform.\n",
      "Norm of gradient (translation) = 0.167928\n",
      "Norm of gradient (rotation) = 0.206873\n",
      "around x=-1.27; around y=-3.45; around z=3.58\n",
      "step: 0.54 seconds\n",
      "current score: -0.046151\n",
      "new_T: [ 0.99623542 -0.06111332 -0.06148288 -6.17854024  0.06235071  0.99788448\n",
      "  0.01841094  1.87600187  0.06022765 -0.02217513  0.99793832  0.37735451]\n",
      "det: 1.00\n",
      "\n",
      "iteration 23\n",
      "1: 667504 valid, 390691 out-of-bound voxels after transform.\n",
      "2: 924111 valid, 273153 out-of-bound voxels after transform.\n",
      "Norm of gradient (translation) = 0.161696\n",
      "Norm of gradient (rotation) = 0.198066\n",
      "around x=-1.33; around y=-3.52; around z=3.65\n",
      "step: 0.50 seconds\n",
      "current score: -0.047091\n",
      "new_T: [ 0.99608324 -0.06229467 -0.06274985 -6.30630224  0.06361599  0.99778816\n",
      "  0.01928182  1.96550877  0.0614099  -0.02319819  0.99784301  0.40212898]\n",
      "det: 1.00\n",
      "\n",
      "iteration 24\n",
      "1: 667360 valid, 390835 out-of-bound voxels after transform.\n",
      "2: 923416 valid, 273848 out-of-bound voxels after transform.\n",
      "Norm of gradient (translation) = 0.157264\n",
      "Norm of gradient (rotation) = 0.191271\n",
      "around x=-1.39; around y=-3.59; around z=3.72\n",
      "step: 0.49 seconds\n",
      "current score: -0.048048\n",
      "new_T: [ 0.99593354 -0.06343267 -0.06397404 -6.42979539  0.06483737  0.99769292\n",
      "  0.02012353  2.05213067  0.06254995 -0.02418961  0.99774865  0.43003654]\n",
      "det: 1.00\n",
      "\n",
      "iteration 25\n",
      "1: 667209 valid, 390986 out-of-bound voxels after transform.\n",
      "2: 922778 valid, 274486 out-of-bound voxels after transform.\n",
      "Norm of gradient (translation) = 0.152143\n",
      "Norm of gradient (rotation) = 0.186267\n",
      "around x=-1.44; around y=-3.65; around z=3.79\n",
      "step: 0.49 seconds\n",
      "current score: -0.048935\n",
      "new_T: [ 0.99578451 -0.0645423  -0.06517288 -6.55079033  0.06602971  0.99759812\n",
      "  0.02093031  2.1350034   0.06366545 -0.02514542  0.99765446  0.45405856]\n",
      "det: 1.00\n",
      "\n",
      "iteration 26\n",
      "1: 667054 valid, 391141 out-of-bound voxels after transform.\n",
      "2: 922120 valid, 275144 out-of-bound voxels after transform.\n",
      "Norm of gradient (translation) = 0.146597\n",
      "Norm of gradient (rotation) = 0.180548\n",
      "around x=-1.50; around y=-3.71; around z=3.86\n",
      "step: 0.48 seconds\n",
      "current score: -0.049843\n",
      "new_T: [ 0.99563722 -0.06561744 -0.06633906 -6.66853971  0.06718671  0.9975043\n",
      "  0.02170528  2.21441985  0.06474925 -0.02606769  0.99756103  0.47387616]\n",
      "det: 1.00\n",
      "\n",
      "iteration 27\n",
      "1: 666891 valid, 391304 out-of-bound voxels after transform.\n",
      "2: 921481 valid, 275783 out-of-bound voxels after transform.\n",
      "Norm of gradient (translation) = 0.141427\n",
      "Norm of gradient (rotation) = 0.174168\n",
      "around x=-1.55; around y=-3.77; around z=3.93\n",
      "step: 0.48 seconds\n",
      "current score: -0.050760\n",
      "new_T: [ 0.9954924  -0.06665489 -0.06746863 -6.78264177  0.06830456  0.99741202\n",
      "  0.02244425  2.29010209  0.065798   -0.0269515   0.99746892  0.49361432]\n",
      "det: 1.00\n",
      "\n",
      "iteration 28\n",
      "1: 666730 valid, 391465 out-of-bound voxels after transform.\n",
      "2: 920813 valid, 276451 out-of-bound voxels after transform.\n",
      "Norm of gradient (translation) = 0.138540\n",
      "Norm of gradient (rotation) = 0.169849\n",
      "around x=-1.60; around y=-3.83; around z=3.99\n",
      "step: 0.48 seconds\n",
      "current score: -0.051611\n",
      "new_T: [ 0.99535001 -0.06765675 -0.06856331 -6.89326957  0.0693878   0.99732029\n",
      "  0.02318578  2.36604324  0.06681091 -0.02783542  0.99737731  0.51221656]\n",
      "det: 1.00\n",
      "\n",
      "iteration 29\n",
      "1: 666573 valid, 391622 out-of-bound voxels after transform.\n",
      "2: 920184 valid, 277080 out-of-bound voxels after transform.\n",
      "Norm of gradient (translation) = 0.134995\n",
      "Norm of gradient (rotation) = 0.164353\n",
      "around x=-1.65; around y=-3.89; around z=4.05\n",
      "step: 0.47 seconds\n",
      "current score: -0.052511\n",
      "new_T: [ 0.99521011 -0.06862428 -0.06962426 -7.000531    0.07043572  0.99722992\n",
      "  0.02390194  2.43948327  0.06779114 -0.02869149  0.9972869   0.53386033]\n",
      "det: 1.00\n",
      "\n",
      "iteration 30\n",
      "1: 666431 valid, 391764 out-of-bound voxels after transform.\n",
      "2: 919565 valid, 277699 out-of-bound voxels after transform.\n",
      "Norm of gradient (translation) = 0.131800\n",
      "Norm of gradient (rotation) = 0.158931\n",
      "around x=-1.70; around y=-3.94; around z=4.11\n",
      "step: 0.43 seconds\n",
      "current score: -0.053315\n",
      "new_T: [ 0.99507311 -0.06955616 -0.07065016 -7.104293    0.07144716  0.99714104\n",
      "  0.02459792  2.51096929  0.06873723 -0.02952448  0.99719782  0.55866981]\n",
      "det: 1.00\n",
      "\n",
      "iteration 31\n",
      "1: 666307 valid, 391888 out-of-bound voxels after transform.\n",
      "2: 918981 valid, 278283 out-of-bound voxels after transform.\n",
      "Norm of gradient (translation) = 0.128834\n",
      "Norm of gradient (rotation) = 0.155529\n",
      "around x=-1.74; around y=-3.99; around z=4.16\n",
      "step: 0.43 seconds\n",
      "current score: -0.054137\n",
      "new_T: [ 0.99493751 -0.07046438 -0.07165276 -7.20573972  0.07243507  0.99705259\n",
      "  0.02528414  2.58140332  0.06965994 -0.03034631  0.99710912  0.58149508]\n",
      "det: 1.00\n",
      "\n",
      "iteration 32\n",
      "1: 666204 valid, 391991 out-of-bound voxels after transform.\n",
      "2: 918330 valid, 278934 out-of-bound voxels after transform.\n",
      "Norm of gradient (translation) = 0.124771\n",
      "Norm of gradient (rotation) = 0.150778\n",
      "around x=-1.79; around y=-4.05; around z=4.22\n",
      "step: 0.43 seconds\n",
      "current score: -0.054960\n",
      "new_T: [ 0.99480372 -0.07134663 -0.07263063 -7.30473268  0.07339539  0.99696557\n",
      "  0.02593779  2.64844833  0.07055966 -0.03113376  0.99702158  0.60395869]\n",
      "det: 1.00\n",
      "\n",
      "iteration 33\n",
      "1: 666037 valid, 392158 out-of-bound voxels after transform.\n",
      "2: 917789 valid, 279475 out-of-bound voxels after transform.\n",
      "Norm of gradient (translation) = 0.120921\n",
      "Norm of gradient (rotation) = 0.146409\n",
      "around x=-1.83; around y=-4.10; around z=4.27\n",
      "step: 0.43 seconds\n",
      "current score: -0.055715\n",
      "new_T: [ 0.99467231 -0.07220044 -0.07358058 -7.40093216  0.07432651  0.99687982\n",
      "  0.02657439  2.71365524  0.07143231 -0.03190179  0.99693515  0.62428527]\n",
      "det: 1.00\n",
      "\n",
      "iteration 34\n",
      "1: 665904 valid, 392291 out-of-bound voxels after transform.\n",
      "2: 917226 valid, 280038 out-of-bound voxels after transform.\n"
     ]
    },
    {
     "name": "stderr",
     "output_type": "stream",
     "text": [
      "Norm of gradient (translation) = 0.117107\n",
      "Norm of gradient (rotation) = 0.141090\n",
      "around x=-1.88; around y=-4.14; around z=4.33\n",
      "step: 0.42 seconds\n",
      "current score: -0.056503\n",
      "new_T: [ 0.99454466 -0.07301749 -0.0744941  -7.49348889  0.07521988  0.99679602\n",
      "  0.02719662  2.77737819  0.0722696  -0.03265169  0.99685053  0.64455447]\n",
      "det: 1.00\n",
      "\n",
      "iteration 35\n",
      "1: 665752 valid, 392443 out-of-bound voxels after transform.\n",
      "2: 916672 valid, 280592 out-of-bound voxels after transform.\n",
      "Norm of gradient (translation) = 0.113440\n",
      "Norm of gradient (rotation) = 0.136562\n",
      "around x=-1.92; around y=-4.19; around z=4.38\n",
      "step: 0.43 seconds\n",
      "current score: -0.057242\n",
      "new_T: [ 0.99441956 -0.07380703 -0.0753808  -7.58337082  0.07608436  0.99671388\n",
      "  0.02779606  2.83872462  0.07308155 -0.03337624  0.99676733  0.66436227]\n",
      "det: 1.00\n",
      "\n",
      "iteration 36\n",
      "1: 665654 valid, 392541 out-of-bound voxels after transform.\n",
      "2: 916149 valid, 281115 out-of-bound voxels after transform.\n",
      "Norm of gradient (translation) = 0.110580\n",
      "Norm of gradient (rotation) = 0.132759\n",
      "around x=-1.96; around y=-4.24; around z=4.42\n",
      "step: 0.42 seconds\n",
      "current score: -0.057923\n",
      "new_T: [ 0.99429721 -0.074569   -0.07623995 -7.67049835  0.07692093  0.99663296\n",
      "  0.02838862  2.8993486   0.07386634 -0.03409117  0.99668528  0.68323052]\n",
      "det: 1.00\n",
      "\n",
      "iteration 37\n",
      "1: 665527 valid, 392668 out-of-bound voxels after transform.\n",
      "2: 915611 valid, 281653 out-of-bound voxels after transform.\n",
      "Norm of gradient (translation) = 0.107012\n",
      "Norm of gradient (rotation) = 0.128054\n",
      "around x=-2.00; around y=-4.28; around z=4.47\n",
      "step: 0.43 seconds\n",
      "current score: -0.058650\n",
      "new_T: [ 0.99417788 -0.07530223 -0.07707087 -7.75480144  0.07772713  0.99655401\n",
      "  0.02895843  2.95762911  0.07462465 -0.03478033  0.99660498  0.70244596]\n",
      "det: 1.00\n",
      "\n",
      "iteration 38\n",
      "1: 665466 valid, 392729 out-of-bound voxels after transform.\n",
      "2: 915083 valid, 282181 out-of-bound voxels after transform.\n",
      "Norm of gradient (translation) = 0.104718\n",
      "Norm of gradient (rotation) = 0.125071\n",
      "around x=-2.04; around y=-4.32; around z=4.52\n",
      "step: 0.49 seconds\n",
      "current score: -0.059324\n",
      "new_T: [ 0.99406012 -0.07601719 -0.07788365 -7.8372968   0.07851432  0.99647601\n",
      "  0.0295139   3.01444112  0.07536562 -0.03545357  0.9965255   0.72173548]\n",
      "det: 1.00\n",
      "\n",
      "iteration 39\n",
      "1: 665351 valid, 392844 out-of-bound voxels after transform.\n",
      "2: 914584 valid, 282680 out-of-bound voxels after transform.\n",
      "Norm of gradient (translation) = 0.101756\n",
      "Norm of gradient (rotation) = 0.121987\n",
      "around x=-2.08; around y=-4.36; around z=4.56\n",
      "step: 0.50 seconds\n",
      "current score: -0.060036\n",
      "new_T: [ 0.99394469 -0.0767097  -0.0786738  -7.91753307  0.07927879  0.99639903\n",
      "  0.03006417  3.0706215   0.07608429 -0.03611928  0.99644698  0.73785895]\n",
      "det: 1.00\n",
      "\n",
      "iteration 40\n",
      "1: 665198 valid, 392997 out-of-bound voxels after transform.\n",
      "2: 914072 valid, 283192 out-of-bound voxels after transform.\n",
      "Norm of gradient (translation) = 0.099753\n",
      "Norm of gradient (rotation) = 0.117830\n",
      "around x=-2.11; around y=-4.40; around z=4.60\n",
      "step: 0.48 seconds\n",
      "current score: -0.060687\n",
      "new_T: [ 0.99383225 -0.07737618 -0.07943793 -7.99515328  0.08001579  0.9963239\n",
      "  0.03059664  3.12511318  0.07677846 -0.03676421  0.99637014  0.7581865 ]\n",
      "det: 1.00\n",
      "\n",
      "iteration 41\n",
      "1: 665083 valid, 393112 out-of-bound voxels after transform.\n",
      "2: 913597 valid, 283667 out-of-bound voxels after transform.\n",
      "Norm of gradient (translation) = 0.097719\n",
      "Norm of gradient (rotation) = 0.115999\n",
      "around x=-2.15; around y=-4.44; around z=4.65\n",
      "step: 0.49 seconds\n",
      "current score: -0.061343\n",
      "new_T: [ 0.99372053 -0.07803141 -0.08019105 -8.07168161  0.08074129  0.99624916\n",
      "  0.03111999  3.1786026   0.07746193 -0.0373993   0.9962936   0.77641491]\n",
      "det: 1.00\n",
      "\n",
      "iteration 42\n",
      "1: 664977 valid, 393218 out-of-bound voxels after transform.\n",
      "2: 913119 valid, 284145 out-of-bound voxels after transform.\n",
      "Norm of gradient (translation) = 0.094914\n",
      "Norm of gradient (rotation) = 0.111737\n",
      "around x=-2.19; around y=-4.48; around z=4.69\n",
      "step: 0.49 seconds\n",
      "current score: -0.061968\n",
      "new_T: [ 0.99361197 -0.07866052 -0.08091833 -8.14562215  0.08143892  0.99617652\n",
      "  0.03162347  3.23008491  0.07812142 -0.03801136  0.99621894  0.79625906]\n",
      "det: 1.00\n",
      "\n",
      "iteration 43\n",
      "1: 664903 valid, 393292 out-of-bound voxels after transform.\n",
      "2: 912643 valid, 284621 out-of-bound voxels after transform.\n",
      "Norm of gradient (translation) = 0.091848\n",
      "Norm of gradient (rotation) = 0.108604\n",
      "around x=-2.22; around y=-4.52; around z=4.72\n",
      "step: 0.49 seconds\n",
      "current score: -0.062610\n",
      "new_T: [ 0.99350599 -0.07926787 -0.0816239  -8.21739423  0.08211405  0.99610525\n",
      "  0.03211879  3.28063338  0.07876001 -0.03861268  0.99614553  0.81324366]\n",
      "det: 1.00\n",
      "\n",
      "iteration 44\n",
      "1: 664811 valid, 393384 out-of-bound voxels after transform.\n",
      "2: 912175 valid, 285089 out-of-bound voxels after transform.\n",
      "Norm of gradient (translation) = 0.089141\n",
      "Norm of gradient (rotation) = 0.104816\n",
      "around x=-2.25; around y=-4.55; around z=4.76\n",
      "step: 0.48 seconds\n",
      "current score: -0.063204\n",
      "new_T: [ 0.99340247 -0.07985461 -0.08230899 -8.28711225  0.08276657  0.99603593\n",
      "  0.0325901   3.32873297  0.07938024 -0.03918752  0.99607385  0.83162953]\n",
      "det: 1.00\n",
      "\n",
      "iteration 45\n",
      "1: 664741 valid, 393454 out-of-bound voxels after transform.\n",
      "2: 911740 valid, 285524 out-of-bound voxels after transform.\n",
      "Norm of gradient (translation) = 0.086684\n",
      "Norm of gradient (rotation) = 0.102142\n",
      "around x=-2.29; around y=-4.59; around z=4.80\n",
      "step: 0.48 seconds\n",
      "current score: -0.063844\n",
      "new_T: [ 0.99330112 -0.08042313 -0.08297592 -8.35501368  0.08340018  0.99596781\n",
      "  0.03305355  3.37596611  0.07998308 -0.03975233  0.99600324  0.84822777]\n",
      "det: 1.00\n",
      "\n",
      "iteration 46\n",
      "1: 664735 valid, 393460 out-of-bound voxels after transform.\n",
      "2: 911322 valid, 285942 out-of-bound voxels after transform.\n",
      "Norm of gradient (translation) = 0.084654\n",
      "Norm of gradient (rotation) = 0.099723\n",
      "around x=-2.32; around y=-4.62; around z=4.84\n",
      "step: 0.88 seconds\n",
      "current score: -0.064329\n",
      "new_T: [ 0.99320172 -0.08097533 -0.08362618 -8.42124163  0.08401687  0.99590072\n",
      "  0.03350998  3.4224421   0.08056989 -0.04030818  0.9959336   0.86389116]\n",
      "det: 1.00\n",
      "\n",
      "iteration 47\n",
      "1: 664582 valid, 393613 out-of-bound voxels after transform.\n",
      "2: 910875 valid, 286389 out-of-bound voxels after transform.\n",
      "Norm of gradient (translation) = 0.082459\n",
      "Norm of gradient (rotation) = 0.097272\n",
      "around x=-2.35; around y=-4.65; around z=4.87\n",
      "step: 0.98 seconds\n",
      "current score: -0.064972\n",
      "new_T: [ 0.99310508 -0.08150654 -0.08425543 -8.4853624   0.08461257  0.99583471\n",
      "  0.03396965  3.46918833  0.08113573 -0.0408645   0.99586499  0.87679759]\n",
      "det: 1.00\n",
      "\n",
      "iteration 48\n",
      "1: 664491 valid, 393704 out-of-bound voxels after transform.\n",
      "2: 910423 valid, 286841 out-of-bound voxels after transform.\n",
      "Norm of gradient (translation) = 0.080191\n",
      "Norm of gradient (rotation) = 0.094808\n",
      "around x=-2.38; around y=-4.69; around z=4.90\n",
      "step: 0.98 seconds\n",
      "current score: -0.065585\n",
      "new_T: [ 0.99300889 -0.0820308  -0.08487815 -8.54883716  0.08519904  0.99577002\n",
      "  0.03439743  3.51264705  0.08169747 -0.0413885   0.99579743  0.89068909]\n",
      "det: 1.00\n",
      "\n",
      "iteration 49\n",
      "1: 664394 valid, 393801 out-of-bound voxels after transform.\n",
      "2: 910034 valid, 287230 out-of-bound voxels after transform.\n",
      "Norm of gradient (translation) = 0.078888\n",
      "Norm of gradient (rotation) = 0.091982\n",
      "around x=-2.41; around y=-4.72; around z=4.94\n",
      "step: 0.99 seconds\n",
      "current score: -0.066077\n",
      "new_T: [ 0.99291479 -0.0825387  -0.08548436 -8.61065033  0.08576775  0.99570686\n",
      "  0.03481011  3.55464891  0.08224418 -0.04189527  0.99573123  0.90773769]\n",
      "det: 1.00\n",
      "\n",
      "iteration 50\n",
      "1: 664322 valid, 393873 out-of-bound voxels after transform.\n",
      "2: 909619 valid, 287645 out-of-bound voxels after transform.\n",
      "Norm of gradient (translation) = 0.077226\n",
      "Norm of gradient (rotation) = 0.091189\n",
      "around x=-2.44; around y=-4.75; around z=4.97\n",
      "step: 0.86 seconds\n",
      "current score: -0.066648\n",
      "new_T: [ 0.99282148 -0.08303834 -0.08608215 -8.67162947  0.08632877  0.99564369\n",
      "  0.03522754  3.59701399  0.08278192 -0.04240602  0.99566505  0.92035663]\n",
      "det: 1.00\n",
      "\n",
      "iteration 51\n",
      "1: 664220 valid, 393975 out-of-bound voxels after transform.\n",
      "2: 909224 valid, 288040 out-of-bound voxels after transform.\n",
      "Norm of gradient (translation) = 0.075290\n",
      "Norm of gradient (rotation) = 0.088588\n",
      "around x=-2.47; around y=-4.78; around z=5.00\n",
      "step: 0.82 seconds\n",
      "current score: -0.067173\n",
      "new_T: [ 0.99273037 -0.0835217  -0.08666339 -8.73094206  0.08687242  0.99558193\n",
      "  0.03563432  3.63828353  0.08330426 -0.04290393  0.99560015  0.93316766]\n",
      "det: 1.00\n",
      "\n",
      "iteration 52\n",
      "1: 664142 valid, 394053 out-of-bound voxels after transform.\n"
     ]
    },
    {
     "name": "stderr",
     "output_type": "stream",
     "text": [
      "2: 908838 valid, 288426 out-of-bound voxels after transform.\n",
      "Norm of gradient (translation) = 0.073620\n",
      "Norm of gradient (rotation) = 0.086011\n",
      "around x=-2.50; around y=-4.81; around z=5.03\n",
      "step: 0.81 seconds\n",
      "current score: -0.067690\n",
      "new_T: [ 0.99264148 -0.08398886 -0.08722827 -8.78861229  0.08739873  0.9955216\n",
      "  0.03603058  3.6784989   0.08381146 -0.04338908  0.99553655  0.94698029]\n",
      "det: 1.00\n",
      "\n",
      "iteration 53\n",
      "1: 664049 valid, 394146 out-of-bound voxels after transform.\n",
      "2: 908466 valid, 288798 out-of-bound voxels after transform.\n",
      "Norm of gradient (translation) = 0.072026\n",
      "Norm of gradient (rotation) = 0.084025\n",
      "around x=-2.52; around y=-4.84; around z=5.06\n",
      "step: 0.82 seconds\n",
      "current score: -0.068216\n",
      "new_T: [ 0.99255466 -0.08444092 -0.08777797 -8.84475942  0.08790958  0.99546227\n",
      "  0.03642495  3.71849689  0.0843039  -0.04387028  0.99547388  0.95982734]\n",
      "det: 1.00\n",
      "\n",
      "iteration 54\n",
      "1: 663971 valid, 394224 out-of-bound voxels after transform.\n",
      "2: 908093 valid, 289171 out-of-bound voxels after transform.\n",
      "Norm of gradient (translation) = 0.070946\n",
      "Norm of gradient (rotation) = 0.081929\n",
      "around x=-2.55; around y=-4.86; around z=5.09\n",
      "step: 0.81 seconds\n",
      "current score: -0.068711\n",
      "new_T: [ 0.99246942 -0.08488106 -0.08831567 -8.89970235  0.0884074   0.9954041\n",
      "  0.03680762  3.75735482  0.08478551 -0.0443382   0.99541225  0.97465947]\n",
      "det: 1.00\n",
      "\n",
      "iteration 55\n",
      "1: 663892 valid, 394303 out-of-bound voxels after transform.\n",
      "2: 907721 valid, 289543 out-of-bound voxels after transform.\n",
      "Norm of gradient (translation) = 0.069310\n",
      "Norm of gradient (rotation) = 0.080261\n",
      "around x=-2.58; around y=-4.89; around z=5.12\n",
      "step: 0.59 seconds\n",
      "current score: -0.069200\n",
      "new_T: [ 0.99238576 -0.08530953 -0.08884136 -8.9534402   0.08889312  0.99534676\n",
      "  0.03718653  3.79577953  0.08525559 -0.04480077  0.99535138  0.98800537]\n",
      "det: 1.00\n",
      "\n",
      "iteration 56\n",
      "1: 663814 valid, 394381 out-of-bound voxels after transform.\n",
      "2: 907362 valid, 289902 out-of-bound voxels after transform.\n",
      "Norm of gradient (translation) = 0.067474\n",
      "Norm of gradient (rotation) = 0.078090\n",
      "around x=-2.60; around y=-4.92; around z=5.15\n",
      "step: 0.55 seconds\n",
      "current score: -0.069647\n",
      "new_T: [ 0.9923039  -0.08572516 -0.08935412 -9.00587903  0.08936487  0.9952907\n",
      "  0.03755457  3.83305866  0.08571395 -0.04525067  0.99529166  1.00093144]\n",
      "det: 1.00\n",
      "\n",
      "iteration 57\n",
      "1: 663735 valid, 394460 out-of-bound voxels after transform.\n",
      "2: 907007 valid, 290257 out-of-bound voxels after transform.\n",
      "Norm of gradient (translation) = 0.066229\n",
      "Norm of gradient (rotation) = 0.076056\n",
      "around x=-2.63; around y=-4.94; around z=5.17\n",
      "step: 0.51 seconds\n",
      "current score: -0.070150\n",
