{
 "cells": [
  {
   "cell_type": "code",
   "execution_count": 6,
   "metadata": {
    "scrolled": true
   },
   "outputs": [
    {
     "name": "stdout",
     "output_type": "stream",
     "text": [
      "The autoreload extension is already loaded. To reload it, use:\n",
      "  %reload_ext autoreload\n"
     ]
    }
   ],
   "source": [
    "%load_ext autoreload\n",
    "%autoreload 2\n",
    "\n",
    "import sys\n",
    "import os\n",
    "import time\n",
    "\n",
    "import matplotlib.pyplot as plt\n",
    "%matplotlib inline\n",
    "import numpy as np\n",
    "\n",
    "sys.path.append(os.path.join(os.environ['REPO_DIR'], 'utilities'))\n",
    "from utilities2015 import *\n",
    "from registration_utilities import *\n",
    "from annotation_utilities import *\n",
    "from metadata import *\n",
    "from data_manager import *"
   ]
  },
  {
   "cell_type": "code",
   "execution_count": 7,
   "metadata": {
    "collapsed": true
   },
   "outputs": [],
   "source": [
    "from aligner_v3 import Aligner"
   ]
  },
  {
   "cell_type": "code",
   "execution_count": 8,
   "metadata": {
    "collapsed": true
   },
   "outputs": [],
   "source": [
    "# stack = 'CHATM2'\n",
    "# stack = 'CHATM3'"
   ]
  },
  {
   "cell_type": "code",
   "execution_count": 9,
   "metadata": {
    "collapsed": true
   },
   "outputs": [],
   "source": [
    "detector_id = 19"
   ]
  },
  {
   "cell_type": "code",
   "execution_count": 10,
   "metadata": {
    "collapsed": true
   },
   "outputs": [],
   "source": [
    "warp_setting = 7"
   ]
  },
  {
   "cell_type": "code",
   "execution_count": null,
   "metadata": {
    "scrolled": true
   },
   "outputs": [
    {
     "name": "stdout",
     "output_type": "stream",
     "text": [
      "upstream_warp_id                                                               None\n",
      "transform_type                                                                rigid\n",
      "grad_computation_sample_number                                               100000\n",
      "grid_search_sample_number                                                      1000\n",
      "std_tx_um                                                                        50\n",
      "std_ty_um                                                                        50\n",
      "std_tz_um                                                                        50\n",
      "std_theta_xy_degree                                                              10\n",
      "surround_weight                                                             inverse\n",
      "regularization_weight                                                           NaN\n",
      "terminate_thresh_trans                                                         0.01\n",
      "terminate_thresh_rot                                                           0.01\n",
      "history_len                                                                     100\n",
      "max_iter_num                                                                   5000\n",
      "learning_rate_trans                                                               1\n",
      "learning_rate_rot                                                              0.01\n",
      "comment                           structure registration with surround, no initi...\n",
      "Name: 7, dtype: object\n",
      "surround inverse True\n"
     ]
    },
    {
     "name": "stderr",
     "output_type": "stream",
     "text": [
      "Prior structure/index map not found. Generating a new one.\n",
      "Loaded moving volumes: ['IC', 'IC_surround_200um', 'SC', 'SC_surround_200um'].\n",
      "Prior structure/index map not found. Generating a new one.\n"
     ]
    },
    {
     "name": "stdout",
     "output_type": "stream",
     "text": [
      "loaded_cropbox_resolution 10.0um\n",
      "loaded_cropbox_resolution 10.0um\n"
     ]
    },
    {
     "name": "stderr",
     "output_type": "stream",
     "text": [
      "Loaded fixed volumes: ['IC', 'SC'].\n",
      "Computing structure sizes: 0.11 s\n"
     ]
    },
    {
     "name": "stdout",
     "output_type": "stream",
     "text": [
      "voxel size for moving = 10.00 um\n",
      "voxel size for fixed = 10.00 um\n",
      "label_mapping_m2f {1: 1, 2: 2, 3: 2, 4: 1}\n",
      "{1: 1.0, 2: -0.7520834331528596, 3: 1.0, 4: -1.1102728513614557}\n"
     ]
    },
    {
     "name": "stderr",
     "output_type": "stream",
     "text": [
      "Label weights not set, default to 1 for all structures.\n",
      "Regularization weights not set, default to 0.\n",
      "indices_f: set([1, 2])\n",
      "Set initial transform to [ 9.99181511e-01 -4.04613008e-02  0.00000000e+00  1.17709838e+03\n",
      "  4.04613008e-02  9.99181511e-01  0.00000000e+00  5.52968802e+02\n",
      "  0.00000000e+00  0.00000000e+00  1.00000000e+00  4.52000000e+02].\n",
      "centroid_m: [1085.24437745  325.06555202  454.        ], centroid_f: [1085.24437745  325.06555202  454.        ]\n",
      "Set initial transform to [ 9.99181511e-01 -4.04613008e-02  0.00000000e+00  1.17709838e+03\n",
      "  4.04613008e-02  9.99181511e-01  0.00000000e+00  5.52968802e+02\n",
      "  0.00000000e+00  0.00000000e+00  1.00000000e+00  4.52000000e+02].\n",
      "centroid_m: [1085.24437745  325.06555202  454.        ], centroid_f: [1085.24437745  325.06555202  454.        ]\n",
      "\n",
      "iteration 0\n",
      "Norm of gradient (translation) = 1.732051\n",
      "Norm of gradient (rotation) = 1.732051\n",
      "around x=0.57; around y=0.58; around z=-0.57\n",
      "step: 0.31 seconds\n",
      "current score: -0.000137\n",
      "new_T: [ 0.9999      0.0100495   0.0099495   0.98996692 -0.0099495   0.9999\n",
      " -0.0100495  -0.99993331 -0.0100495   0.0099495   0.9999     -1.00996632]\n",
      "det: 1.00\n",
      "\n",
      "iteration 1\n",
      "Norm of gradient (translation) = 1.177874\n",
      "Norm of gradient (rotation) = 1.141578\n",
      "around x=0.10; around y=1.00; around z=-0.74\n",
      "step: 0.30 seconds\n",
      "current score: -0.000155\n",
      "new_T: [ 9.99762461e-01  1.29925523e-02  1.74989776e-02  1.71580968e+00\n",
      " -1.29586382e-02  9.99913932e-01 -2.05006356e-03 -5.84140313e-01\n",
      " -1.75241071e-02  1.82281367e-03  9.99844779e-01 -1.82355885e+00]\n",
      "det: 1.00\n",
      "\n",
      "iteration 2\n",
      "Norm of gradient (translation) = 0.608779\n",
      "Norm of gradient (rotation) = 0.659149\n",
      "around x=-0.18; around y=1.23; around z=-0.86\n",
      "step: 0.30 seconds\n",
      "current score: -0.000140\n",
      "new_T: [ 0.99965879  0.0148656   0.02147811  2.14571816 -0.01492957  0.99988457\n",
      "  0.00282112 -0.31426111 -0.02143369 -0.00314082  0.99976534 -2.14206532]\n",
      "det: 1.00\n",
      "\n",
      "iteration 3\n",
      "Norm of gradient (translation) = 0.792977\n",
      "Norm of gradient (rotation) = 0.714959\n",
      "around x=-0.42; around y=1.51; around z=-1.03\n",
      "step: 0.30 seconds\n",
      "current score: -0.000149\n",
      "new_T: [ 0.9994882   0.01786763  0.02653447  2.6510677  -0.01805425  0.99981381\n",
      "  0.00681025 -0.0648937  -0.02640784 -0.00728583  0.9996247  -2.69133258]\n",
      "det: 1.00\n",
      "\n",
      "iteration 4\n",
      "Norm of gradient (translation) = 0.689906\n",
      "Norm of gradient (rotation) = 0.633133\n",
      "around x=-0.54; around y=1.76; around z=-1.27\n",
      "step: 0.30 seconds\n",
      "current score: -0.000150\n",
      "new_T: [ 0.99928122  0.02195727  0.03090173  3.04169358 -0.02223741  0.99971442\n",
      "  0.00875108 -0.22618369 -0.03070075 -0.00943196  0.99948412 -3.24384677]\n",
      "det: 1.00\n",
      "\n",
      "iteration 5\n",
      "Norm of gradient (translation) = 0.723307\n",
      "Norm of gradient (rotation) = 0.747959\n",
      "around x=-0.85; around y=2.01; around z=-1.44\n",
      "step: 0.30 seconds\n",
      "current score: -0.000121\n",
      "new_T: [ 0.9990703   0.02463657  0.03537772  3.42581921 -0.02514549  0.99958558\n",
      "  0.01401315 -0.08073237 -0.03501782 -0.01488971  0.99927576 -3.83441196]\n",
      "det: 1.00\n",
      "\n",
      "iteration 6\n",
      "Norm of gradient (translation) = 0.558771\n",
      "Norm of gradient (rotation) = 0.505725\n",
      "around x=-1.02; around y=2.21; around z=-1.58\n",
      "step: 0.30 seconds\n",
      "current score: -0.000139\n",
      "new_T: [ 0.99887902  0.02687956  0.03896389  3.78196774 -0.02754683  0.99948116\n",
      "  0.01669075  0.15227898 -0.03849504 -0.01774537  0.99910121 -4.18107963]\n",
      "det: 1.00\n",
      "\n",
      "iteration 7\n",
      "Norm of gradient (translation) = 0.665070\n",
      "Norm of gradient (rotation) = 0.533521\n",
      "around x=-1.26; around y=2.38; around z=-1.64\n",
      "step: 0.30 seconds\n",
      "current score: -0.000138\n",
      "new_T: [ 0.99872792  0.02769818  0.04213498  4.08081982 -0.02859613  0.99937337\n",
      "  0.02085977  0.58731788 -0.0415308  -0.02203813  0.99889415 -4.56383406]\n",
      "det: 1.00\n",
      "\n",
      "iteration 8\n",
      "Norm of gradient (translation) = 0.803272\n",
      "Norm of gradient (rotation) = 0.754997\n",
      "around x=-1.07; around y=2.56; around z=-1.98\n",
      "step: 0.30 seconds\n",
      "current score: -0.000145\n",
      "new_T: [ 0.99841146  0.03362932  0.04520652  4.34661269 -0.03443203  0.9992608\n",
      "  0.01709636 -0.08373596 -0.04459816 -0.01862575  0.99883136 -4.9345234 ]\n",
      "det: 1.00\n",
      "\n",
      "iteration 9\n",
      "Norm of gradient (translation) = 0.439996\n",
      "Norm of gradient (rotation) = 0.429392\n",
      "around x=-1.18; around y=2.73; around z=-2.11\n",
      "step: 0.30 seconds\n",
      "current score: -0.000143\n",
      "new_T: [ 0.99818653  0.03579339  0.04839912  4.67912057 -0.03674246  0.99914671\n",
      "  0.01886357  0.01049901 -0.04768263 -0.02060767  0.99864993 -5.19190636]\n",
      "det: 1.00\n",
      "\n",
      "iteration 10\n",
      "Norm of gradient (translation) = 0.377995\n",
      "Norm of gradient (rotation) = 0.356663\n",
      "around x=-1.29; around y=2.88; around z=-2.21\n",
      "step: 0.30 seconds\n",
      "current score: -0.000136\n",
      "new_T: [ 0.99799325  0.03749411  0.05102617  4.93514939 -0.03858045  0.99904573\n",
      "  0.02047362  0.07378194 -0.05020984 -0.02240115  0.99848744 -5.45659763]\n",
      "det: 1.00\n",
      "\n",
      "iteration 11\n",
      "Norm of gradient (translation) = 0.605419\n",
      "Norm of gradient (rotation) = 0.602400\n",
      "around x=-1.58; around y=3.05; around z=-2.27\n",
      "step: 0.33 seconds\n",
      "current score: -0.000121\n",
      "new_T: [ 0.99779475  0.03815871  0.05430984  5.13403222 -0.03958477  0.99889261\n",
      "  0.02542851  0.25379019 -0.05327937 -0.02752227  0.9982003  -5.99744212]\n",
      "det: 1.00\n",
      "\n",
      "iteration 12\n",
      "2: 999 valid, 1 out-of-bound voxels after transform.\n",
      "Norm of gradient (translation) = 0.593571\n",
      "Norm of gradient (rotation) = 0.554039\n",
      "around x=-1.85; around y=3.22; around z=-2.31\n",
      "step: 0.31 seconds\n",
      "current score: -0.000127\n",
      "new_T: [ 0.9976082   0.03842581  0.05745728  5.29911311 -0.04019433  0.998743\n",
      "  0.02994735  0.42692183 -0.05623431 -0.03218517  0.9978987  -6.54150884]\n",
      "det: 1.00\n",
      "\n",
      "iteration 13\n",
      "2: 997 valid, 3 out-of-bound voxels after transform.\n",
      "3: 999 valid, 1 out-of-bound voxels after transform.\n",
      "Norm of gradient (translation) = 0.368799\n",
      "Norm of gradient (rotation) = 0.304894\n",
      "around x=-1.97; around y=3.34; around z=-2.36\n",
      "step: 0.31 seconds\n",
      "current score: -0.000158\n",
      "new_T: [ 0.99745221  0.03923345  0.05958045  5.50364116 -0.04118685  0.99864148\n",
      "  0.03191919  0.59923526 -0.05824721 -0.0342918   0.99771305 -6.78224198]\n",
      "det: 1.00\n",
      "\n",
      "iteration 14\n",
      "2: 998 valid, 2 out-of-bound voxels after transform.\n",
      "3: 999 valid, 1 out-of-bound voxels after transform.\n",
      "Norm of gradient (translation) = 0.400598\n",
      "Norm of gradient (rotation) = 0.479041\n",
      "around x=-1.83; around y=3.45; around z=-2.57\n",
      "step: 0.30 seconds\n",
      "current score: -0.000145\n",
      "new_T: [ 0.9971827   0.04284882  0.06156814  5.73160501 -0.0447164   0.99857047\n",
      "  0.02928227  0.30381251 -0.06022541 -0.03195288  0.99767325 -6.92736713]\n",
      "det: 1.00\n",
      "\n",
      "iteration 15\n",
      "2: 997 valid, 3 out-of-bound voxels after transform.\n",
      "Norm of gradient (translation) = 0.588722\n",
      "Norm of gradient (rotation) = 0.512041\n",
      "around x=-1.88; around y=3.65; around z=-2.78\n",
      "step: 0.30 seconds\n",
      "current score: -0.000149\n",
      "new_T: [ 9.96794409e-01  4.63993521e-02  6.51767262e-02  5.98130488e+00\n",
      " -4.84161053e-02  9.98385261e-01  2.97111244e-02  4.46546521e-04\n",
      " -6.36929058e-02 -3.27714859e-02  9.97431323e-01 -7.38912666e+00]\n",
      "det: 1.00\n",
      "\n",
      "iteration 16\n",
      "3: 998 valid, 2 out-of-bound voxels after transform.\n",
      "Norm of gradient (translation) = 0.505091\n",
      "Norm of gradient (rotation) = 0.523592\n",
      "around x=-2.13; around y=3.82; around z=-2.85\n",
      "step: 0.30 seconds\n",
      "current score: -0.000163\n",
      "new_T: [ 0.99654498  0.04723288  0.0683166   6.19509587 -0.04962392  0.99819807\n",
      "  0.03373558  0.14818848 -0.06660007 -0.03700916  0.99709315 -7.8141913 ]\n",
      "det: 1.00\n",
      "\n",
      "iteration 17\n",
      "2: 998 valid, 2 out-of-bound voxels after transform.\n",
      "3: 998 valid, 2 out-of-bound voxels after transform.\n",
      "Norm of gradient (translation) = 0.492718\n",
      "Norm of gradient (rotation) = 0.400294\n",
      "around x=-2.19; around y=3.97; around z=-3.01\n",
      "step: 0.30 seconds\n",
      "current score: -0.000143\n",
      "new_T: [ 0.99622042  0.04987329  0.07111634  6.36201129 -0.05243313  0.99802508\n",
      "  0.03459337 -0.12647727 -0.06925061 -0.03819147  0.99686798 -8.21229189]\n",
      "det: 1.00\n",
      "\n",
      "iteration 18\n",
      "3: 997 valid, 3 out-of-bound voxels after transform.\n",
      "Norm of gradient (translation) = 0.386088\n",
      "Norm of gradient (rotation) = 0.377475\n",
      "around x=-2.33; around y=4.11; around z=-3.12\n",
      "step: 0.30 seconds\n",
      "current score: -0.000137\n",
      "new_T: [ 0.99595097  0.05143414  0.07373051  6.52468053 -0.05424786  0.99785355\n",
      "  0.0366805  -0.18928592 -0.07168563 -0.0405317   0.99660341 -8.56598629]\n",
      "det: 1.00\n",
      "\n",
      "iteration 19\n",
      "2: 996 valid, 4 out-of-bound voxels after transform.\n",
      "3: 996 valid, 4 out-of-bound voxels after transform.\n",
      "Norm of gradient (translation) = 0.415044\n",
      "Norm of gradient (rotation) = 0.383384\n",
      "around x=-2.39; around y=4.25; around z=-3.28\n",
      "step: 0.30 seconds\n",
      "current score: -0.000164\n",
      "new_T: [ 0.99561538  0.05400483  0.07637729  6.70828817 -0.05699018  0.99767166\n",
      "  0.03746157 -0.41353802 -0.07417635 -0.04165007  0.996375   -8.88320545]\n",
      "det: 1.00\n",
      "\n",
      "iteration 20\n",
      "2: 992 valid, 8 out-of-bound voxels after transform.\n",
      "3: 993 valid, 7 out-of-bound voxels after transform.\n"
     ]
    },
    {
     "name": "stderr",
     "output_type": "stream",
     "text": [
      "Norm of gradient (translation) = 0.399158\n",
      "Norm of gradient (rotation) = 0.400260\n",
      "around x=-2.57; around y=4.39; around z=-3.34\n",
      "step: 0.30 seconds\n",
      "current score: -0.000126\n",
      "new_T: [ 0.99537554  0.05477697  0.07891147  6.86272541 -0.05809423  0.99749442\n",
      "  0.04037255 -0.34471435 -0.07650226 -0.04477015  0.99606377 -9.24177908]\n",
      "det: 1.00\n",
      "\n",
      "iteration 21\n",
      "2: 996 valid, 4 out-of-bound voxels after transform.\n",
      "3: 996 valid, 4 out-of-bound voxels after transform.\n",
      "Norm of gradient (translation) = 0.512476\n",
      "Norm of gradient (rotation) = 0.455649\n",
      "around x=-2.81; around y=4.49; around z=-3.30\n",
      "step: 0.30 seconds\n",
      "current score: -0.000127\n",
      "new_T: [ 0.99528833  0.05358959  0.08080403  7.02245201 -0.05730741  0.99736815\n",
      "  0.04441423  0.05582494 -0.07821123 -0.04883564  0.99573997 -9.46938719]\n",
      "det: 1.00\n",
      "\n",
      "iteration 22\n",
      "2: 997 valid, 3 out-of-bound voxels after transform.\n",
      "3: 994 valid, 6 out-of-bound voxels after transform.\n",
      "Norm of gradient (translation) = 0.301353\n",
      "Norm of gradient (rotation) = 0.293278\n",
      "around x=-2.95; around y=4.58; around z=-3.32\n",
      "step: 0.30 seconds\n",
      "current score: -0.000165\n",
      "new_T: [ 0.9951299   0.05382144  0.08258168  7.14831569 -0.0578102   0.99723503\n",
      "  0.0466935   0.18312096 -0.07984023 -0.05124016  0.99548982 -9.69990162]\n",
      "det: 1.00\n",
      "\n",
      "iteration 23\n",
      "2: 996 valid, 4 out-of-bound voxels after transform.\n",
      "3: 990 valid, 10 out-of-bound voxels after transform.\n",
      "Norm of gradient (translation) = 0.435034\n",
      "Norm of gradient (rotation) = 0.369794\n",
      "around x=-2.89; around y=4.68; around z=-3.50\n",
      "step: 0.30 seconds\n",
      "current score: -0.000149\n",
      "new_T: [ 0.99480832  0.05682971  0.08442029  7.27739199 -0.06081184  0.99711754\n",
      "  0.04537093 -0.17909216 -0.08159853 -0.05026914  0.99539675 -9.92498723]\n",
      "det: 1.00\n",
      "\n",
      "iteration 24\n",
      "2: 994 valid, 6 out-of-bound voxels after transform.\n",
      "3: 997 valid, 3 out-of-bound voxels after transform.\n",
      "Norm of gradient (translation) = 0.397608\n",
      "Norm of gradient (rotation) = 0.317652\n",
      "around x=-2.95; around y=4.79; around z=-3.63\n",
      "step: 0.30 seconds\n",
      "current score: -0.000128\n",
      "new_T: [  0.99450187   0.05898838   0.08652403   7.37855933  -0.06314602\n",
      "   0.99693775   0.04612698  -0.44534739  -0.08353812  -0.05133702\n",
      "   0.99518134 -10.23193392]\n",
      "det: 1.00\n",
      "\n",
      "iteration 25\n",
      "2: 998 valid, 2 out-of-bound voxels after transform.\n",
      "3: 995 valid, 5 out-of-bound voxels after transform.\n",
      "Norm of gradient (translation) = 0.273905\n",
      "Norm of gradient (rotation) = 0.250346\n",
      "around x=-3.08; around y=4.87; around z=-3.65\n",
      "step: 0.30 seconds\n",
      "current score: -0.000163\n",
      "new_T: [  0.99437366   0.05900767   0.08797226   7.52104422  -0.06341268\n",
      "   0.99682533   0.04814652  -0.29386052  -0.08485197  -0.05345419\n",
      "   0.99495869 -10.3842044 ]\n",
      "det: 1.00\n",
      "\n",
      "iteration 26\n",
      "2: 992 valid, 8 out-of-bound voxels after transform.\n",
      "3: 989 valid, 11 out-of-bound voxels after transform.\n",
      "Norm of gradient (translation) = 0.341715\n",
      "Norm of gradient (rotation) = 0.364871\n",
      "around x=-3.24; around y=4.99; around z=-3.72\n",
      "step: 0.30 seconds\n",
      "current score: -0.000152\n",
      "new_T: [  0.99411602   0.05982146   0.09030358   7.66248678  -0.06457982\n",
      "   0.99662264   0.05072239  -0.26617963  -0.0869643   -0.05625573\n",
      "   0.99462179 -10.69290552]\n",
      "det: 1.00\n",
      "\n",
      "iteration 27\n",
      "2: 991 valid, 9 out-of-bound voxels after transform.\n",
      "3: 997 valid, 3 out-of-bound voxels after transform.\n",
      "4: 999 valid, 1 out-of-bound voxels after transform.\n",
      "Norm of gradient (translation) = 0.329696\n",
      "Norm of gradient (rotation) = 0.292061\n",
      "around x=-3.32; around y=5.10; around z=-3.82\n",
      "step: 0.30 seconds\n",
      "current score: -0.000137\n",
      "new_T: [  0.99382666   0.06135201   0.09243648   7.76657318  -0.06633304\n",
      "   0.99645147   0.05181118  -0.414824    -0.08892975  -0.05762293\n",
      "   0.9943697  -10.98694044]\n",
      "det: 1.00\n",
      "\n",
      "iteration 28\n",
      "2: 989 valid, 11 out-of-bound voxels after transform.\n",
      "3: 988 valid, 12 out-of-bound voxels after transform.\n",
      "Norm of gradient (translation) = 0.286902\n",
      "Norm of gradient (rotation) = 0.278873\n",
      "around x=-3.43; around y=5.20; around z=-3.87\n",
      "step: 0.30 seconds\n",
      "current score: -0.000159\n",
      "new_T: [  0.99360094   0.06202828   0.09439105   7.89139132  -0.06728677\n",
      "   0.99629378   0.05358348  -0.39207705  -0.09071753  -0.05959186\n",
      "   0.99409212 -11.24288406]\n",
      "det: 1.00\n",
      "\n",
      "iteration 29\n",
      "2: 995 valid, 5 out-of-bound voxels after transform.\n",
      "3: 994 valid, 6 out-of-bound voxels after transform.\n",
      "Norm of gradient (translation) = 0.353799\n",
      "Norm of gradient (rotation) = 0.368642\n",
      "around x=-3.30; around y=5.25; around z=-4.02\n",
      "step: 0.34 seconds\n",
      "current score: -0.000156\n",
      "new_T: [  0.9933556    0.06472227   0.09516129   7.97470865  -0.0697928\n",
      "   0.9962593    0.05095469  -0.72566218  -0.09150741  -0.0572577\n",
      "   0.9941569  -11.29399831]\n",
      "det: 1.00\n",
      "\n",
      "iteration 30\n",
      "2: 990 valid, 10 out-of-bound voxels after transform.\n",
      "3: 990 valid, 10 out-of-bound voxels after transform.\n",
      "Norm of gradient (translation) = 0.247466\n",
      "Norm of gradient (rotation) = 0.286231\n",
      "around x=-3.23; around y=5.32; around z=-4.15\n",
      "step: 0.33 seconds\n",
      "current score: -0.000161\n",
      "new_T: [  0.9930824    0.06696793   0.09645022   8.11957286  -0.07198882\n",
      "   0.99617387   0.04955024  -0.90061035  -0.09276291  -0.05615081\n",
      "   0.99410368 -11.38681769]\n",
      "det: 1.00\n",
      "\n",
      "iteration 31\n",
      "2: 992 valid, 8 out-of-bound voxels after transform.\n",
      "3: 990 valid, 10 out-of-bound voxels after transform.\n",
      "Norm of gradient (translation) = 0.289744\n",
      "Norm of gradient (rotation) = 0.263539\n",
      "around x=-3.30; around y=5.42; around z=-4.24\n",
      "step: 0.30 seconds\n",
      "current score: -0.000152\n",
      "new_T: [  0.99279405   0.06845441   0.09835634   8.24735506  -0.07366901\n",
      "   0.99600848   0.05039819  -1.02000205  -0.09451377  -0.05728084\n",
      "   0.99387426 -11.6296734 ]\n",
      "det: 1.00\n",
      "\n",
      "iteration 32\n",
      "2: 988 valid, 12 out-of-bound voxels after transform.\n",
      "3: 989 valid, 11 out-of-bound voxels after transform.\n",
      "4: 999 valid, 1 out-of-bound voxels after transform.\n",
      "Norm of gradient (translation) = 0.298641\n",
      "Norm of gradient (rotation) = 0.249598\n",
      "around x=-3.36; around y=5.52; around z=-4.34\n",
      "step: 0.30 seconds\n",
      "current score: -0.000180\n",
      "new_T: [  0.99251098   0.06990126   0.1001787    8.34065963  -0.07529388\n",
      "   0.9958514    0.0510961   -1.18048581  -0.09619142  -0.05825629\n",
      "   0.99365659 -11.88182941]\n",
      "det: 1.00\n",
      "\n",
      "iteration 33\n",
      "2: 988 valid, 12 out-of-bound voxels after transform.\n",
      "3: 982 valid, 18 out-of-bound voxels after transform.\n",
      "4: 999 valid, 1 out-of-bound voxels after transform.\n",
      "Norm of gradient (translation) = 0.155699\n",
      "Norm of gradient (rotation) = 0.133315\n",
      "around x=-3.36; around y=5.58; around z=-4.39\n",
      "step: 0.30 seconds\n",
      "current score: -0.000187\n",
      "new_T: [  0.99234754   0.07072311   0.10121559   8.43911463  -0.07617071\n",
      "   0.9957894    0.05100487  -1.20903137  -0.09718219  -0.05832422\n",
      "   0.99355619 -11.99687559]\n",
      "det: 1.00\n",
      "\n",
      "iteration 34\n",
      "2: 983 valid, 17 out-of-bound voxels after transform.\n",
      "3: 984 valid, 16 out-of-bound voxels after transform.\n",
      "4: 999 valid, 1 out-of-bound voxels after transform.\n",
      "Norm of gradient (translation) = 0.219265\n",
      "Norm of gradient (rotation) = 0.290591\n",
      "around x=-3.23; around y=5.59; around z=-4.48\n",
      "step: 0.30 seconds\n",
      "current score: -0.000163\n",
      "new_T: [  0.99220622   0.07248768   0.10135261   8.53213875  -0.07770801\n",
      "   0.99579385   0.04853939  -1.38828181  -0.0974078   -0.05603699\n",
      "   0.99366573 -11.95430393]\n",
      "det: 1.00\n",
      "\n",
      "iteration 35\n",
      "2: 984 valid, 16 out-of-bound voxels after transform.\n",
      "3: 989 valid, 11 out-of-bound voxels after transform.\n",
      "Norm of gradient (translation) = 0.296783\n",
      "Norm of gradient (rotation) = 0.278158\n",
      "around x=-3.24; around y=5.68; around z=-4.61\n",
      "step: 0.30 seconds\n",
      "current score: -0.000153\n",
      "new_T: [  0.99187104   0.07468042   0.10302756   8.65920571  -0.07999116\n",
      "   0.99561931   0.04841085  -1.60749536  -0.09896088  -0.05625861\n",
      "   0.99349973 -12.13029184]\n",
      "det: 1.00\n",
      "\n",
      "iteration 36\n",
      "2: 984 valid, 16 out-of-bound voxels after transform.\n",
      "3: 987 valid, 13 out-of-bound voxels after transform.\n",
      "4: 999 valid, 1 out-of-bound voxels after transform.\n",
      "Norm of gradient (translation) = 0.216584\n",
      "Norm of gradient (rotation) = 0.108758\n",
      "around x=-3.29; around y=5.72; around z=-4.60\n",
      "step: 0.30 seconds\n",
      "current score: -0.000178\n",
      "new_T: [  0.99181281   0.07441972   0.10377404   8.7800053   -0.0798484\n",
      "   0.99559341   0.04917303  -1.44703502  -0.0996573   -0.05705663\n",
      "   0.9933846  -12.18038264]\n",
      "det: 1.00\n",
      "\n",
      "iteration 37\n",
      "2: 989 valid, 11 out-of-bound voxels after transform.\n",
      "3: 988 valid, 12 out-of-bound voxels after transform.\n",
      "Norm of gradient (translation) = 0.240398\n",
      "Norm of gradient (rotation) = 0.227702\n",
      "around x=-3.32; around y=5.80; around z=-4.70\n",
      "step: 0.30 seconds\n",
      "current score: -0.000185\n",
      "new_T: [  0.99153025   0.07601255   0.10530836   8.90140541  -0.08156493\n",
      "   0.99544023   0.04945619  -1.58549498  -0.10106889  -0.05762678\n",
      "   0.99320906 -12.34675034]\n",
      "det: 1.00\n",
      "\n",
      "iteration 38\n"
     ]
    },
    {
     "name": "stderr",
     "output_type": "stream",
     "text": [
      "2: 989 valid, 11 out-of-bound voxels after transform.\n",
      "3: 979 valid, 21 out-of-bound voxels after transform.\n",
      "4: 999 valid, 1 out-of-bound voxels after transform.\n",
      "Norm of gradient (translation) = 0.109187\n",
      "Norm of gradient (rotation) = 0.095231\n",
      "around x=-3.32; around y=5.84; around z=-4.74\n",
      "step: 0.30 seconds\n",
      "current score: -0.000176\n",
      "new_T: [  0.99140781   0.07665467   0.10599343   8.97422473  -0.08223187\n",
      "   0.99539392   0.04928342  -1.61310252  -0.10172742  -0.057576\n",
      "   0.99314477 -12.42114454]\n",
      "det: 1.00\n",
      "\n",
      "iteration 39\n",
      "2: 993 valid, 7 out-of-bound voxels after transform.\n",
      "3: 990 valid, 10 out-of-bound voxels after transform.\n",
      "4: 998 valid, 2 out-of-bound voxels after transform.\n",
      "Norm of gradient (translation) = 0.358766\n",
      "Norm of gradient (rotation) = 0.231776\n",
      "around x=-3.43; around y=5.87; around z=-4.69\n",
      "step: 0.30 seconds\n",
      "current score: -0.000160\n",
      "new_T: [  0.99141122   0.07558597   0.10672652   9.10609027  -0.08140959\n",
      "   0.99535958   0.0513009   -1.29851663  -0.10235363  -0.05954885\n",
      "   0.99296408 -12.45169665]\n",
      "det: 1.00\n",
      "\n",
      "iteration 40\n",
      "2: 983 valid, 17 out-of-bound voxels after transform.\n",
      "3: 989 valid, 11 out-of-bound voxels after transform.\n",
      "Norm of gradient (translation) = 0.161660\n",
      "Norm of gradient (rotation) = 0.114749\n",
      "around x=-3.45; around y=5.92; around z=-4.74\n",
      "step: 0.30 seconds\n",
      "current score: -0.000174\n",
      "new_T: [  0.99126386   0.07625098   0.10761857   9.23961449  -0.08214769\n",
      "   0.99529068   0.05146085  -1.24685722  -0.10318782  -0.05985189\n",
      "   0.99285952 -12.49542661]\n",
      "det: 1.00\n",
      "\n",
      "iteration 41\n",
      "2: 986 valid, 14 out-of-bound voxels after transform.\n",
      "3: 981 valid, 19 out-of-bound voxels after transform.\n",
      "Norm of gradient (translation) = 0.237261\n",
      "Norm of gradient (rotation) = 0.224107\n",
      "around x=-3.42; around y=5.99; around z=-4.84\n",
      "step: 0.30 seconds\n",
      "current score: -0.000196\n",
      "new_T: [  0.99099327   0.07802621   0.10883131   9.33363146  -0.08392312\n",
      "   0.99518197   0.05069279  -1.42818865  -0.10435159  -0.05936968\n",
      "   0.99276683 -12.62789253]\n",
      "det: 1.00\n",
      "\n",
      "iteration 42\n",
      "2: 982 valid, 18 out-of-bound voxels after transform.\n",
      "3: 982 valid, 18 out-of-bound voxels after transform.\n",
      "4: 999 valid, 1 out-of-bound voxels after transform.\n",
      "Norm of gradient (translation) = 0.189083\n",
      "Norm of gradient (rotation) = 0.204973\n",
      "around x=-3.37; around y=6.05; around z=-4.92\n",
      "step: 0.30 seconds\n",
      "current score: -0.000154\n",
      "new_T: [  0.99077123   0.0794952    0.10978564   9.43807113  -0.08532852\n",
      "   0.99512288   0.04949238  -1.55136685  -0.10531579  -0.05840348\n",
      "   0.99272233 -12.72114723]\n",
      "det: 1.00\n",
      "\n",
      "iteration 43\n",
      "2: 984 valid, 16 out-of-bound voxels after transform.\n",
      "3: 989 valid, 11 out-of-bound voxels after transform.\n",
      "4: 999 valid, 1 out-of-bound voxels after transform.\n",
      "Norm of gradient (translation) = 0.167689\n",
      "Norm of gradient (rotation) = 0.153149\n",
      "around x=-3.36; around y=6.10; around z=-4.99\n",
      "step: 0.30 seconds\n",
      "current score: -0.000173\n",
      "new_T: [  0.99056918   0.08062623   0.11077959   9.52762496  -0.08648879\n",
      "   0.99503875   0.04916883  -1.64433912  -0.10626569  -0.05828632\n",
      "   0.99262798 -12.83201842]\n",
      "det: 1.00\n",
      "\n",
      "iteration 44\n",
      "2: 989 valid, 11 out-of-bound voxels after transform.\n",
      "3: 980 valid, 20 out-of-bound voxels after transform.\n",
      "4: 999 valid, 1 out-of-bound voxels after transform.\n",
      "Norm of gradient (translation) = 0.278004\n",
      "Norm of gradient (rotation) = 0.265837\n",
      "around x=-3.45; around y=6.19; around z=-5.08\n",
      "step: 0.30 seconds\n",
      "current score: -0.000178\n",
      "new_T: [  0.99026426   0.0818573    0.11258809   9.61102198  -0.08797585\n",
      "   0.99484236   0.050487    -1.77599     -0.10787467  -0.05990051\n",
      "   0.99235829 -13.082078  ]\n",
      "det: 1.00\n",
      "\n",
      "iteration 45\n",
      "2: 982 valid, 18 out-of-bound voxels after transform.\n",
      "3: 987 valid, 13 out-of-bound voxels after transform.\n",
      "4: 999 valid, 1 out-of-bound voxels after transform.\n",
      "Norm of gradient (translation) = 0.220163\n",
      "Norm of gradient (rotation) = 0.120210\n",
      "around x=-3.51; around y=6.23; around z=-5.07\n",
      "step: 0.30 seconds\n",
      "current score: -0.000159\n",
      "new_T: [  0.99019911   0.0816325    0.11332191   9.72873406  -0.08789697\n",
      "   0.99480138   0.05142319  -1.61014304  -0.10853499  -0.06087985\n",
      "   0.99222669 -13.12301608]\n",
      "det: 1.00\n",
      "\n",
      "iteration 46\n",
      "2: 979 valid, 21 out-of-bound voxels after transform.\n",
      "3: 976 valid, 24 out-of-bound voxels after transform.\n",
      "Norm of gradient (translation) = 0.141188\n",
      "Norm of gradient (rotation) = 0.151447\n",
      "around x=-3.48; around y=6.28; around z=-5.13\n",
      "step: 0.31 seconds\n",
      "current score: -0.000196\n",
      "new_T: [  0.99001672   0.08270438   0.11413532   9.80193353  -0.0889367\n",
      "   0.99474965   0.05062994  -1.69366366  -0.10934875  -0.0602753\n",
      "   0.99217425 -13.20948842]\n",
      "det: 1.00\n",
      "\n",
      "iteration 47\n",
      "2: 977 valid, 23 out-of-bound voxels after transform.\n",
      "3: 985 valid, 15 out-of-bound voxels after transform.\n",
      "Norm of gradient (translation) = 0.140648\n",
      "Norm of gradient (rotation) = 0.118501\n",
      "around x=-3.52; around y=6.33; around z=-5.16\n",
      "step: 0.32 seconds\n",
      "current score: -0.000191\n",
      "new_T: [  0.98988672   0.08298718   0.11505395   9.86800325  -0.08934771\n",
      "   0.99468022   0.05126642  -1.68164205  -0.11018744  -0.06102776\n",
      "   0.99203545 -13.33126137]\n",
      "det: 1.00\n",
      "\n",
      "iteration 48\n",
      "2: 986 valid, 14 out-of-bound voxels after transform.\n",
      "3: 986 valid, 14 out-of-bound voxels after transform.\n",
      "4: 999 valid, 1 out-of-bound voxels after transform.\n",
      "Norm of gradient (translation) = 0.201108\n",
      "Norm of gradient (rotation) = 0.185969\n",
      "around x=-3.57; around y=6.40; around z=-5.23\n",
      "step: 0.32 seconds\n",
      "current score: -0.000163\n",
      "new_T: [  0.98964186   0.0840128    0.1164081    9.95073531  -0.09052761\n",
      "   0.99454337   0.05184814  -1.76592666  -0.111417    -0.06184924\n",
      "   0.99184723 -13.50406987]\n",
      "det: 1.00\n",
      "\n",
      "iteration 49\n",
      "2: 985 valid, 15 out-of-bound voxels after transform.\n",
      "3: 984 valid, 16 out-of-bound voxels after transform.\n",
      "4: 999 valid, 1 out-of-bound voxels after transform.\n",
      "Norm of gradient (translation) = 0.222312\n",
      "Norm of gradient (rotation) = 0.256790\n",
      "around x=-3.48; around y=6.45; around z=-5.32\n",
      "step: 0.30 seconds\n",
      "current score: -0.000188\n",
      "new_T: [  0.98939535   0.08578103   0.11721114  10.04902305  -0.09214458\n",
      "   0.99449016   0.04998699  -1.94764072  -0.11227739  -0.06025726\n",
      "   0.9918482  -13.56361108]\n",
      "det: 1.00\n",
      "\n",
      "iteration 50\n",
      "2: 975 valid, 25 out-of-bound voxels after transform.\n",
      "3: 971 valid, 29 out-of-bound voxels after transform.\n",
      "4: 999 valid, 1 out-of-bound voxels after transform.\n",
      "Norm of gradient (translation) = 0.142428\n",
      "Norm of gradient (rotation) = 0.132029\n",
      "around x=-3.51; around y=6.50; around z=-5.37\n",
      "step: 0.30 seconds\n",
      "current score: -0.000189\n",
      "new_T: [  0.98921232   0.08654274   0.118192    10.15241386  -0.0930055\n",
      "   0.99439444   0.05029579  -1.95630099  -0.11317673  -0.06074572\n",
      "   0.99171618 -13.65213385]\n",
      "det: 1.00\n",
      "\n",
      "iteration 51\n",
      "2: 978 valid, 22 out-of-bound voxels after transform.\n",
      "3: 976 valid, 24 out-of-bound voxels after transform.\n",
      "Norm of gradient (translation) = 0.267136\n",
      "Norm of gradient (rotation) = 0.205036\n",
      "around x=-3.53; around y=6.58; around z=-5.46\n",
      "step: 0.30 seconds\n",
      "current score: -0.000177\n",
      "new_T: [  0.98891316   0.08787781   0.11970064  10.20709984  -0.09444826\n",
      "   0.99425518   0.05036032  -2.12000121  -0.11458743  -0.0611075\n",
      "   0.99153194 -13.87632964]\n",
      "det: 1.00\n",
      "\n",
      "iteration 52\n",
      "2: 982 valid, 18 out-of-bound voxels after transform.\n",
      "3: 972 valid, 28 out-of-bound voxels after transform.\n",
      "4: 998 valid, 2 out-of-bound voxels after transform.\n",
      "Norm of gradient (translation) = 0.255137\n",
      "Norm of gradient (rotation) = 0.319480\n",
      "around x=-3.38; around y=6.61; around z=-5.55\n",
      "step: 0.30 seconds\n",
      "current score: -0.000173\n",
      "new_T: [  0.98868454   0.08979223   0.12016752  10.26768778  -0.09608679\n",
      "   0.99423208   0.0476435   -2.34872372  -0.11519639  -0.0586509\n",
      "   0.99160973 -13.91481711]\n",
      "det: 1.00\n",
      "\n",
      "iteration 53\n",
      "2: 981 valid, 19 out-of-bound voxels after transform.\n",
      "3: 978 valid, 22 out-of-bound voxels after transform.\n",
      "4: 998 valid, 2 out-of-bound voxels after transform.\n",
      "Norm of gradient (translation) = 0.228887\n",
      "Norm of gradient (rotation) = 0.197008\n",
      "around x=-3.47; around y=6.69; around z=-5.59\n",
      "step: 0.30 seconds\n",
      "current score: -0.000160\n",
      "new_T: [  0.98847448   0.09019813   0.12158331  10.30589629  -0.09672285\n",
      "   0.99411114   0.04886449  -2.39490589  -0.11645984  -0.06006119\n",
      "   0.99137771 -14.14612927]\n",
      "det: 1.00\n",
      "\n",
      "iteration 54\n",
      "2: 977 valid, 23 out-of-bound voxels after transform.\n",
      "3: 975 valid, 25 out-of-bound voxels after transform.\n",
      "4: 998 valid, 2 out-of-bound voxels after transform.\n",
      "Norm of gradient (translation) = 0.190634\n",
      "Norm of gradient (rotation) = 0.141896\n",
      "around x=-3.46; around y=6.74; around z=-5.65\n",
      "step: 0.30 seconds\n",
      "current score: -0.000191\n",
      "new_T: [  0.98826205   0.09117563   0.12257704  10.35811369  -0.09773292\n",
      "   0.9940263    0.04857973  -2.5214197   -0.11741551  -0.05998932\n",
      "   0.99126933 -14.28956687]\n",
      "det: 1.00\n",
      "\n",
      "iteration 55\n"
     ]
    },
    {
     "name": "stderr",
     "output_type": "stream",
     "text": [
      "2: 982 valid, 18 out-of-bound voxels after transform.\n",
      "3: 971 valid, 29 out-of-bound voxels after transform.\n",
      "4: 998 valid, 2 out-of-bound voxels after transform.\n",
      "Norm of gradient (translation) = 0.150129\n",
      "Norm of gradient (rotation) = 0.228784\n",
      "around x=-3.36; around y=6.77; around z=-5.72\n",
      "step: 0.30 seconds\n",
      "current score: -0.000202\n",
      "new_T: [  0.98809827   0.09254955   0.12286738  10.45667789  -0.09890049\n",
      "   0.99400441   0.04662538  -2.60934659  -0.11781556  -0.0582221\n",
      "   0.99132723 -14.25627986]\n",
      "det: 1.00\n",
      "\n",
      "iteration 56\n",
      "1: 999 valid, 1 out-of-bound voxels after transform.\n",
      "2: 979 valid, 21 out-of-bound voxels after transform.\n",
      "3: 970 valid, 30 out-of-bound voxels after transform.\n",
      "4: 999 valid, 1 out-of-bound voxels after transform.\n",
      "Norm of gradient (translation) = 0.106647\n",
      "Norm of gradient (rotation) = 0.088611\n",
      "around x=-3.40; around y=6.79; around z=-5.73\n",
      "step: 0.30 seconds\n",
      "current score: -0.000186\n",
      "new_T: [  0.98802471   0.09260083   0.12341904  10.51137201  -0.09906482\n",
      "   0.99395633   0.04729664  -2.57963311  -0.11829343  -0.05895674\n",
      "   0.9912269  -14.3364063 ]\n",
      "det: 1.00\n",
      "\n",
      "iteration 57\n",
      "2: 980 valid, 20 out-of-bound voxels after transform.\n",
      "3: 980 valid, 20 out-of-bound voxels after transform.\n",
      "4: 999 valid, 1 out-of-bound voxels after transform.\n",
      "Norm of gradient (translation) = 0.234274\n",
      "Norm of gradient (rotation) = 0.221748\n",
      "around x=-3.47; around y=6.88; around z=-5.80\n",
      "step: 0.30 seconds\n",
